match_number,date,gender,match_type,teams,team1,team2,team_batting,team_bowling,venue,toss_winner,toss_decision,umpires,batter,bowler,non_striker,over,runs_batter,runs_extras,runs_total,legbyes,byes,no of balls,noballs,wides,player_out,kind,fielders,winner,player_of_match,iswicket_delivery,won_by
9,2011-04-13,male,T20,"Kings XI Punjab, Chennai Super Kings",Kings XI Punjab,Chennai Super Kings,Chennai Super Kings,Kings XI Punjab,"Punjab Cricket Association Stadium, Mohali",Kings XI Punjab,field,"Asad Rauf, SL Shastri",S Anirudha,P Kumar,M Vijay,0,0,0,0,0,0,1,0,0,S Anirudha,lbw,,Kings XI Punjab,PC Valthaty,1,Wickets
9,2011-04-13,male,T20,"Kings XI Punjab, Chennai Super Kings",Kings XI Punjab,Chennai Super Kings,Chennai Super Kings,Kings XI Punjab,"Punjab Cricket Association Stadium, Mohali",Kings XI Punjab,field,"Asad Rauf, SL Shastri",SK Raina,P Kumar,M Vijay,0,0,0,0,0,0,2,0,0,SK Raina,caught,PC Valthaty,Kings XI Punjab,PC Valthaty,1,Wickets
9,2011-04-13,male,T20,"Kings XI Punjab, Chennai Super Kings",Kings XI Punjab,Chennai Super Kings,Chennai Super Kings,Kings XI Punjab,"Punjab Cricket Association Stadium, Mohali",Kings XI Punjab,field,"Asad Rauf, SL Shastri",S Badrinath,P Kumar,M Vijay,0,0,0,0,0,0,3,0,0,,,,Kings XI Punjab,PC Valthaty,0,Wickets
9,2011-04-13,male,T20,"Kings XI Punjab, Chennai Super Kings",Kings XI Punjab,Chennai Super Kings,Chennai Super Kings,Kings XI Punjab,"Punjab Cricket Association Stadium, Mohali",Kings XI Punjab,field,"Asad Rauf, SL Shastri",S Badrinath,P Kumar,M Vijay,0,0,0,0,0,0,4,0,0,,,,Kings XI Punjab,PC Valthaty,0,Wickets
9,2011-04-13,male,T20,"Kings XI Punjab, Chennai Super Kings",Kings XI Punjab,Chennai Super Kings,Chennai Super Kings,Kings XI Punjab,"Punjab Cricket Association Stadium, Mohali",Kings XI Punjab,field,"Asad Rauf, SL Shastri",S Badrinath,P Kumar,M Vijay,0,0,0,0,0,0,5,0,0,,,,Kings XI Punjab,PC Valthaty,0,Wickets
9,2011-04-13,male,T20,"Kings XI Punjab, Chennai Super Kings",Kings XI Punjab,Chennai Super Kings,Chennai Super Kings,Kings XI Punjab,"Punjab Cricket Association Stadium, Mohali",Kings XI Punjab,field,"Asad Rauf, SL Shastri",S Badrinath,P Kumar,M Vijay,0,0,0,0,0,0,6,0,0,,,,Kings XI Punjab,PC Valthaty,0,Wickets
9,2011-04-13,male,T20,"Kings XI Punjab, Chennai Super Kings",Kings XI Punjab,Chennai Super Kings,Chennai Super Kings,Kings XI Punjab,"Punjab Cricket Association Stadium, Mohali",Kings XI Punjab,field,"Asad Rauf, SL Shastri",M Vijay,RJ Harris,S Badrinath,1,0,0,0,0,0,1,0,0,,,,Kings XI Punjab,PC Valthaty,0,Wickets
9,2011-04-13,male,T20,"Kings XI Punjab, Chennai Super Kings",Kings XI Punjab,Chennai Super Kings,Chennai Super Kings,Kings XI Punjab,"Punjab Cricket Association Stadium, Mohali",Kings XI Punjab,field,"Asad Rauf, SL Shastri",M Vijay,RJ Harris,S Badrinath,1,0,0,0,0,0,2,0,0,,,,Kings XI Punjab,PC Valthaty,0,Wickets
9,2011-04-13,male,T20,"Kings XI Punjab, Chennai Super Kings",Kings XI Punjab,Chennai Super Kings,Chennai Super Kings,Kings XI Punjab,"Punjab Cricket Association Stadium, Mohali",Kings XI Punjab,field,"Asad Rauf, SL Shastri",M Vijay,RJ Harris,S Badrinath,1,0,0,0,0,0,3,0,0,,,,Kings XI Punjab,PC Valthaty,0,Wickets
9,2011-04-13,male,T20,"Kings XI Punjab, Chennai Super Kings",Kings XI Punjab,Chennai Super Kings,Chennai Super Kings,Kings XI Punjab,"Punjab Cricket Association Stadium, Mohali",Kings XI Punjab,field,"Asad Rauf, SL Shastri",M Vijay,RJ Harris,S Badrinath,1,2,0,2,0,0,4,0,0,,,,Kings XI Punjab,PC Valthaty,0,Wickets
9,2011-04-13,male,T20,"Kings XI Punjab, Chennai Super Kings",Kings XI Punjab,Chennai Super Kings,Chennai Super Kings,Kings XI Punjab,"Punjab Cricket Association Stadium, Mohali",Kings XI Punjab,field,"Asad Rauf, SL Shastri",M Vijay,RJ Harris,S Badrinath,1,0,0,0,0,0,5,0,0,,,,Kings XI Punjab,PC Valthaty,0,Wickets
9,2011-04-13,male,T20,"Kings XI Punjab, Chennai Super Kings",Kings XI Punjab,Chennai Super Kings,Chennai Super Kings,Kings XI Punjab,"Punjab Cricket Association Stadium, Mohali",Kings XI Punjab,field,"Asad Rauf, SL Shastri",M Vijay,RJ Harris,S Badrinath,1,0,0,0,0,0,6,0,0,,,,Kings XI Punjab,PC Valthaty,0,Wickets
9,2011-04-13,male,T20,"Kings XI Punjab, Chennai Super Kings",Kings XI Punjab,Chennai Super Kings,Chennai Super Kings,Kings XI Punjab,"Punjab Cricket Association Stadium, Mohali",Kings XI Punjab,field,"Asad Rauf, SL Shastri",S Badrinath,P Kumar,M Vijay,2,0,0,0,0,0,1,0,0,,,,Kings XI Punjab,PC Valthaty,0,Wickets
9,2011-04-13,male,T20,"Kings XI Punjab, Chennai Super Kings",Kings XI Punjab,Chennai Super Kings,Chennai Super Kings,Kings XI Punjab,"Punjab Cricket Association Stadium, Mohali",Kings XI Punjab,field,"Asad Rauf, SL Shastri",S Badrinath,P Kumar,M Vijay,2,0,0,0,0,0,2,0,0,,,,Kings XI Punjab,PC Valthaty,0,Wickets
9,2011-04-13,male,T20,"Kings XI Punjab, Chennai Super Kings",Kings XI Punjab,Chennai Super Kings,Chennai Super Kings,Kings XI Punjab,"Punjab Cricket Association Stadium, Mohali",Kings XI Punjab,field,"Asad Rauf, SL Shastri",S Badrinath,P Kumar,M Vijay,2,1,0,1,0,0,3,0,0,,,,Kings XI Punjab,PC Valthaty,0,Wickets
9,2011-04-13,male,T20,"Kings XI Punjab, Chennai Super Kings",Kings XI Punjab,Chennai Super Kings,Chennai Super Kings,Kings XI Punjab,"Punjab Cricket Association Stadium, Mohali",Kings XI Punjab,field,"Asad Rauf, SL Shastri",M Vijay,P Kumar,S Badrinath,2,1,0,1,0,0,4,0,0,,,,Kings XI Punjab,PC Valthaty,0,Wickets
9,2011-04-13,male,T20,"Kings XI Punjab, Chennai Super Kings",Kings XI Punjab,Chennai Super Kings,Chennai Super Kings,Kings XI Punjab,"Punjab Cricket Association Stadium, Mohali",Kings XI Punjab,field,"Asad Rauf, SL Shastri",S Badrinath,P Kumar,M Vijay,2,0,2,2,2,0,5,0,0,,,,Kings XI Punjab,PC Valthaty,0,Wickets
9,2011-04-13,male,T20,"Kings XI Punjab, Chennai Super Kings",Kings XI Punjab,Chennai Super Kings,Chennai Super Kings,Kings XI Punjab,"Punjab Cricket Association Stadium, Mohali",Kings XI Punjab,field,"Asad Rauf, SL Shastri",S Badrinath,P Kumar,M Vijay,2,0,0,0,0,0,6,0,0,,,,Kings XI Punjab,PC Valthaty,0,Wickets
9,2011-04-13,male,T20,"Kings XI Punjab, Chennai Super Kings",Kings XI Punjab,Chennai Super Kings,Chennai Super Kings,Kings XI Punjab,"Punjab Cricket Association Stadium, Mohali",Kings XI Punjab,field,"Asad Rauf, SL Shastri",M Vijay,RJ Harris,S Badrinath,3,3,0,3,0,0,1,0,0,,,,Kings XI Punjab,PC Valthaty,0,Wickets
9,2011-04-13,male,T20,"Kings XI Punjab, Chennai Super Kings",Kings XI Punjab,Chennai Super Kings,Chennai Super Kings,Kings XI Punjab,"Punjab Cricket Association Stadium, Mohali",Kings XI Punjab,field,"Asad Rauf, SL Shastri",S Badrinath,RJ Harris,M Vijay,3,0,0,0,0,0,2,0,0,,,,Kings XI Punjab,PC Valthaty,0,Wickets
9,2011-04-13,male,T20,"Kings XI Punjab, Chennai Super Kings",Kings XI Punjab,Chennai Super Kings,Chennai Super Kings,Kings XI Punjab,"Punjab Cricket Association Stadium, Mohali",Kings XI Punjab,field,"Asad Rauf, SL Shastri",S Badrinath,RJ Harris,M Vijay,3,4,0,4,0,0,3,0,0,,,,Kings XI Punjab,PC Valthaty,0,Wickets
9,2011-04-13,male,T20,"Kings XI Punjab, Chennai Super Kings",Kings XI Punjab,Chennai Super Kings,Chennai Super Kings,Kings XI Punjab,"Punjab Cricket Association Stadium, Mohali",Kings XI Punjab,field,"Asad Rauf, SL Shastri",S Badrinath,RJ Harris,M Vijay,3,0,0,0,0,0,4,0,0,,,,Kings XI Punjab,PC Valthaty,0,Wickets
9,2011-04-13,male,T20,"Kings XI Punjab, Chennai Super Kings",Kings XI Punjab,Chennai Super Kings,Chennai Super Kings,Kings XI Punjab,"Punjab Cricket Association Stadium, Mohali",Kings XI Punjab,field,"Asad Rauf, SL Shastri",S Badrinath,RJ Harris,M Vijay,3,0,0,0,0,0,5,0,0,,,,Kings XI Punjab,PC Valthaty,0,Wickets
9,2011-04-13,male,T20,"Kings XI Punjab, Chennai Super Kings",Kings XI Punjab,Chennai Super Kings,Chennai Super Kings,Kings XI Punjab,"Punjab Cricket Association Stadium, Mohali",Kings XI Punjab,field,"Asad Rauf, SL Shastri",S Badrinath,RJ Harris,M Vijay,3,0,0,0,0,0,6,0,0,,,,Kings XI Punjab,PC Valthaty,0,Wickets
9,2011-04-13,male,T20,"Kings XI Punjab, Chennai Super Kings",Kings XI Punjab,Chennai Super Kings,Chennai Super Kings,Kings XI Punjab,"Punjab Cricket Association Stadium, Mohali",Kings XI Punjab,field,"Asad Rauf, SL Shastri",M Vijay,P Kumar,S Badrinath,4,0,0,0,0,0,1,0,0,,,,Kings XI Punjab,PC Valthaty,0,Wickets
9,2011-04-13,male,T20,"Kings XI Punjab, Chennai Super Kings",Kings XI Punjab,Chennai Super Kings,Chennai Super Kings,Kings XI Punjab,"Punjab Cricket Association Stadium, Mohali",Kings XI Punjab,field,"Asad Rauf, SL Shastri",M Vijay,P Kumar,S Badrinath,4,4,0,4,0,0,2,0,0,,,,Kings XI Punjab,PC Valthaty,0,Wickets
9,2011-04-13,male,T20,"Kings XI Punjab, Chennai Super Kings",Kings XI Punjab,Chennai Super Kings,Chennai Super Kings,Kings XI Punjab,"Punjab Cricket Association Stadium, Mohali",Kings XI Punjab,field,"Asad Rauf, SL Shastri",M Vijay,P Kumar,S Badrinath,4,3,0,3,0,0,3,0,0,,,,Kings XI Punjab,PC Valthaty,0,Wickets
9,2011-04-13,male,T20,"Kings XI Punjab, Chennai Super Kings",Kings XI Punjab,Chennai Super Kings,Chennai Super Kings,Kings XI Punjab,"Punjab Cricket Association Stadium, Mohali",Kings XI Punjab,field,"Asad Rauf, SL Shastri",S Badrinath,P Kumar,M Vijay,4,0,1,1,1,0,4,0,0,,,,Kings XI Punjab,PC Valthaty,0,Wickets
9,2011-04-13,male,T20,"Kings XI Punjab, Chennai Super Kings",Kings XI Punjab,Chennai Super Kings,Chennai Super Kings,Kings XI Punjab,"Punjab Cricket Association Stadium, Mohali",Kings XI Punjab,field,"Asad Rauf, SL Shastri",M Vijay,P Kumar,S Badrinath,4,6,0,6,0,0,5,0,0,,,,Kings XI Punjab,PC Valthaty,0,Wickets
9,2011-04-13,male,T20,"Kings XI Punjab, Chennai Super Kings",Kings XI Punjab,Chennai Super Kings,Chennai Super Kings,Kings XI Punjab,"Punjab Cricket Association Stadium, Mohali",Kings XI Punjab,field,"Asad Rauf, SL Shastri",M Vijay,P Kumar,S Badrinath,4,0,0,0,0,0,6,0,0,,,,Kings XI Punjab,PC Valthaty,0,Wickets
9,2011-04-13,male,T20,"Kings XI Punjab, Chennai Super Kings",Kings XI Punjab,Chennai Super Kings,Chennai Super Kings,Kings XI Punjab,"Punjab Cricket Association Stadium, Mohali",Kings XI Punjab,field,"Asad Rauf, SL Shastri",S Badrinath,R McLaren,M Vijay,5,0,0,0,0,0,1,0,0,,,,Kings XI Punjab,PC Valthaty,0,Wickets
9,2011-04-13,male,T20,"Kings XI Punjab, Chennai Super Kings",Kings XI Punjab,Chennai Super Kings,Chennai Super Kings,Kings XI Punjab,"Punjab Cricket Association Stadium, Mohali",Kings XI Punjab,field,"Asad Rauf, SL Shastri",S Badrinath,R McLaren,M Vijay,5,2,0,2,0,0,2,0,0,,,,Kings XI Punjab,PC Valthaty,0,Wickets
9,2011-04-13,male,T20,"Kings XI Punjab, Chennai Super Kings",Kings XI Punjab,Chennai Super Kings,Chennai Super Kings,Kings XI Punjab,"Punjab Cricket Association Stadium, Mohali",Kings XI Punjab,field,"Asad Rauf, SL Shastri",S Badrinath,R McLaren,M Vijay,5,1,0,1,0,0,3,0,0,,,,Kings XI Punjab,PC Valthaty,0,Wickets
9,2011-04-13,male,T20,"Kings XI Punjab, Chennai Super Kings",Kings XI Punjab,Chennai Super Kings,Chennai Super Kings,Kings XI Punjab,"Punjab Cricket Association Stadium, Mohali",Kings XI Punjab,field,"Asad Rauf, SL Shastri",M Vijay,R McLaren,S Badrinath,5,0,0,0,0,0,4,0,0,,,,Kings XI Punjab,PC Valthaty,0,Wickets
9,2011-04-13,male,T20,"Kings XI Punjab, Chennai Super Kings",Kings XI Punjab,Chennai Super Kings,Chennai Super Kings,Kings XI Punjab,"Punjab Cricket Association Stadium, Mohali",Kings XI Punjab,field,"Asad Rauf, SL Shastri",M Vijay,R McLaren,S Badrinath,5,0,0,0,0,0,5,0,0,,,,Kings XI Punjab,PC Valthaty,0,Wickets
9,2011-04-13,male,T20,"Kings XI Punjab, Chennai Super Kings",Kings XI Punjab,Chennai Super Kings,Chennai Super Kings,Kings XI Punjab,"Punjab Cricket Association Stadium, Mohali",Kings XI Punjab,field,"Asad Rauf, SL Shastri",M Vijay,R McLaren,S Badrinath,5,1,0,1,0,0,6,0,0,,,,Kings XI Punjab,PC Valthaty,0,Wickets
9,2011-04-13,male,T20,"Kings XI Punjab, Chennai Super Kings",Kings XI Punjab,Chennai Super Kings,Chennai Super Kings,Kings XI Punjab,"Punjab Cricket Association Stadium, Mohali",Kings XI Punjab,field,"Asad Rauf, SL Shastri",M Vijay,PP Chawla,S Badrinath,6,4,0,4,0,0,1,0,0,,,,Kings XI Punjab,PC Valthaty,0,Wickets
9,2011-04-13,male,T20,"Kings XI Punjab, Chennai Super Kings",Kings XI Punjab,Chennai Super Kings,Chennai Super Kings,Kings XI Punjab,"Punjab Cricket Association Stadium, Mohali",Kings XI Punjab,field,"Asad Rauf, SL Shastri",M Vijay,PP Chawla,S Badrinath,6,0,0,0,0,0,2,0,0,,,,Kings XI Punjab,PC Valthaty,0,Wickets
9,2011-04-13,male,T20,"Kings XI Punjab, Chennai Super Kings",Kings XI Punjab,Chennai Super Kings,Chennai Super Kings,Kings XI Punjab,"Punjab Cricket Association Stadium, Mohali",Kings XI Punjab,field,"Asad Rauf, SL Shastri",M Vijay,PP Chawla,S Badrinath,6,1,0,1,0,0,3,0,0,,,,Kings XI Punjab,PC Valthaty,0,Wickets
9,2011-04-13,male,T20,"Kings XI Punjab, Chennai Super Kings",Kings XI Punjab,Chennai Super Kings,Chennai Super Kings,Kings XI Punjab,"Punjab Cricket Association Stadium, Mohali",Kings XI Punjab,field,"Asad Rauf, SL Shastri",S Badrinath,PP Chawla,M Vijay,6,0,0,0,0,0,4,0,0,,,,Kings XI Punjab,PC Valthaty,0,Wickets
9,2011-04-13,male,T20,"Kings XI Punjab, Chennai Super Kings",Kings XI Punjab,Chennai Super Kings,Chennai Super Kings,Kings XI Punjab,"Punjab Cricket Association Stadium, Mohali",Kings XI Punjab,field,"Asad Rauf, SL Shastri",S Badrinath,PP Chawla,M Vijay,6,1,0,1,0,0,5,0,0,,,,Kings XI Punjab,PC Valthaty,0,Wickets
9,2011-04-13,male,T20,"Kings XI Punjab, Chennai Super Kings",Kings XI Punjab,Chennai Super Kings,Chennai Super Kings,Kings XI Punjab,"Punjab Cricket Association Stadium, Mohali",Kings XI Punjab,field,"Asad Rauf, SL Shastri",M Vijay,PP Chawla,S Badrinath,6,2,0,2,0,0,6,0,0,,,,Kings XI Punjab,PC Valthaty,0,Wickets
9,2011-04-13,male,T20,"Kings XI Punjab, Chennai Super Kings",Kings XI Punjab,Chennai Super Kings,Chennai Super Kings,Kings XI Punjab,"Punjab Cricket Association Stadium, Mohali",Kings XI Punjab,field,"Asad Rauf, SL Shastri",S Badrinath,R McLaren,M Vijay,7,1,0,1,0,0,1,0,0,,,,Kings XI Punjab,PC Valthaty,0,Wickets
9,2011-04-13,male,T20,"Kings XI Punjab, Chennai Super Kings",Kings XI Punjab,Chennai Super Kings,Chennai Super Kings,Kings XI Punjab,"Punjab Cricket Association Stadium, Mohali",Kings XI Punjab,field,"Asad Rauf, SL Shastri",M Vijay,R McLaren,S Badrinath,7,1,0,1,0,0,2,0,0,,,,Kings XI Punjab,PC Valthaty,0,Wickets
9,2011-04-13,male,T20,"Kings XI Punjab, Chennai Super Kings",Kings XI Punjab,Chennai Super Kings,Chennai Super Kings,Kings XI Punjab,"Punjab Cricket Association Stadium, Mohali",Kings XI Punjab,field,"Asad Rauf, SL Shastri",S Badrinath,R McLaren,M Vijay,7,0,0,0,0,0,3,0,0,,,,Kings XI Punjab,PC Valthaty,0,Wickets
9,2011-04-13,male,T20,"Kings XI Punjab, Chennai Super Kings",Kings XI Punjab,Chennai Super Kings,Chennai Super Kings,Kings XI Punjab,"Punjab Cricket Association Stadium, Mohali",Kings XI Punjab,field,"Asad Rauf, SL Shastri",S Badrinath,R McLaren,M Vijay,7,1,0,1,0,0,4,0,0,,,,Kings XI Punjab,PC Valthaty,0,Wickets
9,2011-04-13,male,T20,"Kings XI Punjab, Chennai Super Kings",Kings XI Punjab,Chennai Super Kings,Chennai Super Kings,Kings XI Punjab,"Punjab Cricket Association Stadium, Mohali",Kings XI Punjab,field,"Asad Rauf, SL Shastri",M Vijay,R McLaren,S Badrinath,7,1,0,1,0,0,5,0,0,,,,Kings XI Punjab,PC Valthaty,0,Wickets
9,2011-04-13,male,T20,"Kings XI Punjab, Chennai Super Kings",Kings XI Punjab,Chennai Super Kings,Chennai Super Kings,Kings XI Punjab,"Punjab Cricket Association Stadium, Mohali",Kings XI Punjab,field,"Asad Rauf, SL Shastri",S Badrinath,R McLaren,M Vijay,7,4,0,4,0,0,6,0,0,,,,Kings XI Punjab,PC Valthaty,0,Wickets
9,2011-04-13,male,T20,"Kings XI Punjab, Chennai Super Kings",Kings XI Punjab,Chennai Super Kings,Chennai Super Kings,Kings XI Punjab,"Punjab Cricket Association Stadium, Mohali",Kings XI Punjab,field,"Asad Rauf, SL Shastri",M Vijay,AM Nayar,S Badrinath,8,1,0,1,0,0,1,0,0,,,,Kings XI Punjab,PC Valthaty,0,Wickets
9,2011-04-13,male,T20,"Kings XI Punjab, Chennai Super Kings",Kings XI Punjab,Chennai Super Kings,Chennai Super Kings,Kings XI Punjab,"Punjab Cricket Association Stadium, Mohali",Kings XI Punjab,field,"Asad Rauf, SL Shastri",S Badrinath,AM Nayar,M Vijay,8,4,0,4,0,0,2,0,0,,,,Kings XI Punjab,PC Valthaty,0,Wickets
9,2011-04-13,male,T20,"Kings XI Punjab, Chennai Super Kings",Kings XI Punjab,Chennai Super Kings,Chennai Super Kings,Kings XI Punjab,"Punjab Cricket Association Stadium, Mohali",Kings XI Punjab,field,"Asad Rauf, SL Shastri",S Badrinath,AM Nayar,M Vijay,8,0,0,0,0,0,3,0,0,,,,Kings XI Punjab,PC Valthaty,0,Wickets
9,2011-04-13,male,T20,"Kings XI Punjab, Chennai Super Kings",Kings XI Punjab,Chennai Super Kings,Chennai Super Kings,Kings XI Punjab,"Punjab Cricket Association Stadium, Mohali",Kings XI Punjab,field,"Asad Rauf, SL Shastri",S Badrinath,AM Nayar,M Vijay,8,1,0,1,0,0,4,0,0,,,,Kings XI Punjab,PC Valthaty,0,Wickets
9,2011-04-13,male,T20,"Kings XI Punjab, Chennai Super Kings",Kings XI Punjab,Chennai Super Kings,Chennai Super Kings,Kings XI Punjab,"Punjab Cricket Association Stadium, Mohali",Kings XI Punjab,field,"Asad Rauf, SL Shastri",M Vijay,AM Nayar,S Badrinath,8,1,0,1,0,0,5,0,0,,,,Kings XI Punjab,PC Valthaty,0,Wickets
9,2011-04-13,male,T20,"Kings XI Punjab, Chennai Super Kings",Kings XI Punjab,Chennai Super Kings,Chennai Super Kings,Kings XI Punjab,"Punjab Cricket Association Stadium, Mohali",Kings XI Punjab,field,"Asad Rauf, SL Shastri",S Badrinath,AM Nayar,M Vijay,8,1,0,1,0,0,6,0,0,,,,Kings XI Punjab,PC Valthaty,0,Wickets
9,2011-04-13,male,T20,"Kings XI Punjab, Chennai Super Kings",Kings XI Punjab,Chennai Super Kings,Chennai Super Kings,Kings XI Punjab,"Punjab Cricket Association Stadium, Mohali",Kings XI Punjab,field,"Asad Rauf, SL Shastri",S Badrinath,PP Chawla,M Vijay,9,1,0,1,0,0,1,0,0,,,,Kings XI Punjab,PC Valthaty,0,Wickets
9,2011-04-13,male,T20,"Kings XI Punjab, Chennai Super Kings",Kings XI Punjab,Chennai Super Kings,Chennai Super Kings,Kings XI Punjab,"Punjab Cricket Association Stadium, Mohali",Kings XI Punjab,field,"Asad Rauf, SL Shastri",M Vijay,PP Chawla,S Badrinath,9,4,0,4,0,0,2,0,0,,,,Kings XI Punjab,PC Valthaty,0,Wickets
9,2011-04-13,male,T20,"Kings XI Punjab, Chennai Super Kings",Kings XI Punjab,Chennai Super Kings,Chennai Super Kings,Kings XI Punjab,"Punjab Cricket Association Stadium, Mohali",Kings XI Punjab,field,"Asad Rauf, SL Shastri",M Vijay,PP Chawla,S Badrinath,9,1,0,1,0,0,3,0,0,,,,Kings XI Punjab,PC Valthaty,0,Wickets
9,2011-04-13,male,T20,"Kings XI Punjab, Chennai Super Kings",Kings XI Punjab,Chennai Super Kings,Chennai Super Kings,Kings XI Punjab,"Punjab Cricket Association Stadium, Mohali",Kings XI Punjab,field,"Asad Rauf, SL Shastri",S Badrinath,PP Chawla,M Vijay,9,4,0,4,0,0,4,0,0,,,,Kings XI Punjab,PC Valthaty,0,Wickets
9,2011-04-13,male,T20,"Kings XI Punjab, Chennai Super Kings",Kings XI Punjab,Chennai Super Kings,Chennai Super Kings,Kings XI Punjab,"Punjab Cricket Association Stadium, Mohali",Kings XI Punjab,field,"Asad Rauf, SL Shastri",S Badrinath,PP Chawla,M Vijay,9,0,0,0,0,0,5,0,0,,,,Kings XI Punjab,PC Valthaty,0,Wickets
9,2011-04-13,male,T20,"Kings XI Punjab, Chennai Super Kings",Kings XI Punjab,Chennai Super Kings,Chennai Super Kings,Kings XI Punjab,"Punjab Cricket Association Stadium, Mohali",Kings XI Punjab,field,"Asad Rauf, SL Shastri",S Badrinath,PP Chawla,M Vijay,9,2,0,2,0,0,6,0,0,,,,Kings XI Punjab,PC Valthaty,0,Wickets
9,2011-04-13,male,T20,"Kings XI Punjab, Chennai Super Kings",Kings XI Punjab,Chennai Super Kings,Chennai Super Kings,Kings XI Punjab,"Punjab Cricket Association Stadium, Mohali",Kings XI Punjab,field,"Asad Rauf, SL Shastri",M Vijay,BA Bhatt,S Badrinath,10,1,0,1,0,0,1,0,0,,,,Kings XI Punjab,PC Valthaty,0,Wickets
9,2011-04-13,male,T20,"Kings XI Punjab, Chennai Super Kings",Kings XI Punjab,Chennai Super Kings,Chennai Super Kings,Kings XI Punjab,"Punjab Cricket Association Stadium, Mohali",Kings XI Punjab,field,"Asad Rauf, SL Shastri",S Badrinath,BA Bhatt,M Vijay,10,2,0,2,0,0,2,0,0,,,,Kings XI Punjab,PC Valthaty,0,Wickets
9,2011-04-13,male,T20,"Kings XI Punjab, Chennai Super Kings",Kings XI Punjab,Chennai Super Kings,Chennai Super Kings,Kings XI Punjab,"Punjab Cricket Association Stadium, Mohali",Kings XI Punjab,field,"Asad Rauf, SL Shastri",S Badrinath,BA Bhatt,M Vijay,10,0,1,1,0,0,3,0,1,,,,Kings XI Punjab,PC Valthaty,0,Wickets
9,2011-04-13,male,T20,"Kings XI Punjab, Chennai Super Kings",Kings XI Punjab,Chennai Super Kings,Chennai Super Kings,Kings XI Punjab,"Punjab Cricket Association Stadium, Mohali",Kings XI Punjab,field,"Asad Rauf, SL Shastri",S Badrinath,BA Bhatt,M Vijay,10,1,0,1,0,0,4,0,0,,,,Kings XI Punjab,PC Valthaty,0,Wickets
9,2011-04-13,male,T20,"Kings XI Punjab, Chennai Super Kings",Kings XI Punjab,Chennai Super Kings,Chennai Super Kings,Kings XI Punjab,"Punjab Cricket Association Stadium, Mohali",Kings XI Punjab,field,"Asad Rauf, SL Shastri",M Vijay,BA Bhatt,S Badrinath,10,1,0,1,0,0,5,0,0,,,,Kings XI Punjab,PC Valthaty,0,Wickets
9,2011-04-13,male,T20,"Kings XI Punjab, Chennai Super Kings",Kings XI Punjab,Chennai Super Kings,Chennai Super Kings,Kings XI Punjab,"Punjab Cricket Association Stadium, Mohali",Kings XI Punjab,field,"Asad Rauf, SL Shastri",S Badrinath,BA Bhatt,M Vijay,10,4,0,4,0,0,6,0,0,,,,Kings XI Punjab,PC Valthaty,0,Wickets
9,2011-04-13,male,T20,"Kings XI Punjab, Chennai Super Kings",Kings XI Punjab,Chennai Super Kings,Chennai Super Kings,Kings XI Punjab,"Punjab Cricket Association Stadium, Mohali",Kings XI Punjab,field,"Asad Rauf, SL Shastri",S Badrinath,BA Bhatt,M Vijay,10,1,0,1,0,0,7,0,0,,,,Kings XI Punjab,PC Valthaty,0,Wickets
9,2011-04-13,male,T20,"Kings XI Punjab, Chennai Super Kings",Kings XI Punjab,Chennai Super Kings,Chennai Super Kings,Kings XI Punjab,"Punjab Cricket Association Stadium, Mohali",Kings XI Punjab,field,"Asad Rauf, SL Shastri",S Badrinath,AM Nayar,M Vijay,11,4,0,4,0,0,1,0,0,,,,Kings XI Punjab,PC Valthaty,0,Wickets
9,2011-04-13,male,T20,"Kings XI Punjab, Chennai Super Kings",Kings XI Punjab,Chennai Super Kings,Chennai Super Kings,Kings XI Punjab,"Punjab Cricket Association Stadium, Mohali",Kings XI Punjab,field,"Asad Rauf, SL Shastri",S Badrinath,AM Nayar,M Vijay,11,2,0,2,0,0,2,0,0,,,,Kings XI Punjab,PC Valthaty,0,Wickets
9,2011-04-13,male,T20,"Kings XI Punjab, Chennai Super Kings",Kings XI Punjab,Chennai Super Kings,Chennai Super Kings,Kings XI Punjab,"Punjab Cricket Association Stadium, Mohali",Kings XI Punjab,field,"Asad Rauf, SL Shastri",S Badrinath,AM Nayar,M Vijay,11,1,0,1,0,0,3,0,0,,,,Kings XI Punjab,PC Valthaty,0,Wickets
9,2011-04-13,male,T20,"Kings XI Punjab, Chennai Super Kings",Kings XI Punjab,Chennai Super Kings,Chennai Super Kings,Kings XI Punjab,"Punjab Cricket Association Stadium, Mohali",Kings XI Punjab,field,"Asad Rauf, SL Shastri",M Vijay,AM Nayar,S Badrinath,11,6,0,6,0,0,4,0,0,,,,Kings XI Punjab,PC Valthaty,0,Wickets
9,2011-04-13,male,T20,"Kings XI Punjab, Chennai Super Kings",Kings XI Punjab,Chennai Super Kings,Chennai Super Kings,Kings XI Punjab,"Punjab Cricket Association Stadium, Mohali",Kings XI Punjab,field,"Asad Rauf, SL Shastri",M Vijay,AM Nayar,S Badrinath,11,2,0,2,0,0,5,0,0,,,,Kings XI Punjab,PC Valthaty,0,Wickets
9,2011-04-13,male,T20,"Kings XI Punjab, Chennai Super Kings",Kings XI Punjab,Chennai Super Kings,Chennai Super Kings,Kings XI Punjab,"Punjab Cricket Association Stadium, Mohali",Kings XI Punjab,field,"Asad Rauf, SL Shastri",M Vijay,AM Nayar,S Badrinath,11,1,0,1,0,0,6,0,0,,,,Kings XI Punjab,PC Valthaty,0,Wickets
9,2011-04-13,male,T20,"Kings XI Punjab, Chennai Super Kings",Kings XI Punjab,Chennai Super Kings,Chennai Super Kings,Kings XI Punjab,"Punjab Cricket Association Stadium, Mohali",Kings XI Punjab,field,"Asad Rauf, SL Shastri",M Vijay,BA Bhatt,S Badrinath,12,0,0,0,0,0,1,0,0,,,,Kings XI Punjab,PC Valthaty,0,Wickets
9,2011-04-13,male,T20,"Kings XI Punjab, Chennai Super Kings",Kings XI Punjab,Chennai Super Kings,Chennai Super Kings,Kings XI Punjab,"Punjab Cricket Association Stadium, Mohali",Kings XI Punjab,field,"Asad Rauf, SL Shastri",M Vijay,BA Bhatt,S Badrinath,12,1,0,1,0,0,2,0,0,,,,Kings XI Punjab,PC Valthaty,0,Wickets
9,2011-04-13,male,T20,"Kings XI Punjab, Chennai Super Kings",Kings XI Punjab,Chennai Super Kings,Chennai Super Kings,Kings XI Punjab,"Punjab Cricket Association Stadium, Mohali",Kings XI Punjab,field,"Asad Rauf, SL Shastri",S Badrinath,BA Bhatt,M Vijay,12,0,0,0,0,0,3,0,0,,,,Kings XI Punjab,PC Valthaty,0,Wickets
9,2011-04-13,male,T20,"Kings XI Punjab, Chennai Super Kings",Kings XI Punjab,Chennai Super Kings,Chennai Super Kings,Kings XI Punjab,"Punjab Cricket Association Stadium, Mohali",Kings XI Punjab,field,"Asad Rauf, SL Shastri",S Badrinath,BA Bhatt,M Vijay,12,1,0,1,0,0,4,0,0,,,,Kings XI Punjab,PC Valthaty,0,Wickets
9,2011-04-13,male,T20,"Kings XI Punjab, Chennai Super Kings",Kings XI Punjab,Chennai Super Kings,Chennai Super Kings,Kings XI Punjab,"Punjab Cricket Association Stadium, Mohali",Kings XI Punjab,field,"Asad Rauf, SL Shastri",M Vijay,BA Bhatt,S Badrinath,12,6,0,6,0,0,5,0,0,,,,Kings XI Punjab,PC Valthaty,0,Wickets
9,2011-04-13,male,T20,"Kings XI Punjab, Chennai Super Kings",Kings XI Punjab,Chennai Super Kings,Chennai Super Kings,Kings XI Punjab,"Punjab Cricket Association Stadium, Mohali",Kings XI Punjab,field,"Asad Rauf, SL Shastri",M Vijay,BA Bhatt,S Badrinath,12,2,0,2,0,0,6,0,0,,,,Kings XI Punjab,PC Valthaty,0,Wickets
9,2011-04-13,male,T20,"Kings XI Punjab, Chennai Super Kings",Kings XI Punjab,Chennai Super Kings,Chennai Super Kings,Kings XI Punjab,"Punjab Cricket Association Stadium, Mohali",Kings XI Punjab,field,"Asad Rauf, SL Shastri",S Badrinath,RJ Harris,M Vijay,13,0,0,0,0,0,1,0,0,,,,Kings XI Punjab,PC Valthaty,0,Wickets
9,2011-04-13,male,T20,"Kings XI Punjab, Chennai Super Kings",Kings XI Punjab,Chennai Super Kings,Chennai Super Kings,Kings XI Punjab,"Punjab Cricket Association Stadium, Mohali",Kings XI Punjab,field,"Asad Rauf, SL Shastri",S Badrinath,RJ Harris,M Vijay,13,1,0,1,0,0,2,0,0,,,,Kings XI Punjab,PC Valthaty,0,Wickets
9,2011-04-13,male,T20,"Kings XI Punjab, Chennai Super Kings",Kings XI Punjab,Chennai Super Kings,Chennai Super Kings,Kings XI Punjab,"Punjab Cricket Association Stadium, Mohali",Kings XI Punjab,field,"Asad Rauf, SL Shastri",M Vijay,RJ Harris,S Badrinath,13,4,0,4,0,0,3,0,0,,,,Kings XI Punjab,PC Valthaty,0,Wickets
9,2011-04-13,male,T20,"Kings XI Punjab, Chennai Super Kings",Kings XI Punjab,Chennai Super Kings,Chennai Super Kings,Kings XI Punjab,"Punjab Cricket Association Stadium, Mohali",Kings XI Punjab,field,"Asad Rauf, SL Shastri",M Vijay,RJ Harris,S Badrinath,13,4,0,4,0,0,4,0,0,,,,Kings XI Punjab,PC Valthaty,0,Wickets
9,2011-04-13,male,T20,"Kings XI Punjab, Chennai Super Kings",Kings XI Punjab,Chennai Super Kings,Chennai Super Kings,Kings XI Punjab,"Punjab Cricket Association Stadium, Mohali",Kings XI Punjab,field,"Asad Rauf, SL Shastri",M Vijay,RJ Harris,S Badrinath,13,0,0,0,0,0,5,0,0,,,,Kings XI Punjab,PC Valthaty,0,Wickets
9,2011-04-13,male,T20,"Kings XI Punjab, Chennai Super Kings",Kings XI Punjab,Chennai Super Kings,Chennai Super Kings,Kings XI Punjab,"Punjab Cricket Association Stadium, Mohali",Kings XI Punjab,field,"Asad Rauf, SL Shastri",M Vijay,RJ Harris,S Badrinath,13,0,0,0,0,0,6,0,0,,,,Kings XI Punjab,PC Valthaty,0,Wickets
9,2011-04-13,male,T20,"Kings XI Punjab, Chennai Super Kings",Kings XI Punjab,Chennai Super Kings,Chennai Super Kings,Kings XI Punjab,"Punjab Cricket Association Stadium, Mohali",Kings XI Punjab,field,"Asad Rauf, SL Shastri",S Badrinath,PP Chawla,M Vijay,14,1,0,1,0,0,1,0,0,,,,Kings XI Punjab,PC Valthaty,0,Wickets
9,2011-04-13,male,T20,"Kings XI Punjab, Chennai Super Kings",Kings XI Punjab,Chennai Super Kings,Chennai Super Kings,Kings XI Punjab,"Punjab Cricket Association Stadium, Mohali",Kings XI Punjab,field,"Asad Rauf, SL Shastri",M Vijay,PP Chawla,S Badrinath,14,4,0,4,0,0,2,0,0,,,,Kings XI Punjab,PC Valthaty,0,Wickets
9,2011-04-13,male,T20,"Kings XI Punjab, Chennai Super Kings",Kings XI Punjab,Chennai Super Kings,Chennai Super Kings,Kings XI Punjab,"Punjab Cricket Association Stadium, Mohali",Kings XI Punjab,field,"Asad Rauf, SL Shastri",M Vijay,PP Chawla,S Badrinath,14,6,0,6,0,0,3,0,0,,,,Kings XI Punjab,PC Valthaty,0,Wickets
9,2011-04-13,male,T20,"Kings XI Punjab, Chennai Super Kings",Kings XI Punjab,Chennai Super Kings,Chennai Super Kings,Kings XI Punjab,"Punjab Cricket Association Stadium, Mohali",Kings XI Punjab,field,"Asad Rauf, SL Shastri",M Vijay,PP Chawla,S Badrinath,14,0,0,0,0,0,4,0,0,,,,Kings XI Punjab,PC Valthaty,0,Wickets
9,2011-04-13,male,T20,"Kings XI Punjab, Chennai Super Kings",Kings XI Punjab,Chennai Super Kings,Chennai Super Kings,Kings XI Punjab,"Punjab Cricket Association Stadium, Mohali",Kings XI Punjab,field,"Asad Rauf, SL Shastri",M Vijay,PP Chawla,S Badrinath,14,0,0,0,0,0,5,0,0,M Vijay,stumped,AC Gilchrist,Kings XI Punjab,PC Valthaty,1,Wickets
9,2011-04-13,male,T20,"Kings XI Punjab, Chennai Super Kings",Kings XI Punjab,Chennai Super Kings,Chennai Super Kings,Kings XI Punjab,"Punjab Cricket Association Stadium, Mohali",Kings XI Punjab,field,"Asad Rauf, SL Shastri",MS Dhoni,PP Chawla,S Badrinath,14,2,0,2,0,0,6,0,0,,,,Kings XI Punjab,PC Valthaty,0,Wickets
9,2011-04-13,male,T20,"Kings XI Punjab, Chennai Super Kings",Kings XI Punjab,Chennai Super Kings,Chennai Super Kings,Kings XI Punjab,"Punjab Cricket Association Stadium, Mohali",Kings XI Punjab,field,"Asad Rauf, SL Shastri",S Badrinath,BA Bhatt,MS Dhoni,15,1,0,1,0,0,1,0,0,,,,Kings XI Punjab,PC Valthaty,0,Wickets
9,2011-04-13,male,T20,"Kings XI Punjab, Chennai Super Kings",Kings XI Punjab,Chennai Super Kings,Chennai Super Kings,Kings XI Punjab,"Punjab Cricket Association Stadium, Mohali",Kings XI Punjab,field,"Asad Rauf, SL Shastri",MS Dhoni,BA Bhatt,S Badrinath,15,1,0,1,0,0,2,0,0,,,,Kings XI Punjab,PC Valthaty,0,Wickets
9,2011-04-13,male,T20,"Kings XI Punjab, Chennai Super Kings",Kings XI Punjab,Chennai Super Kings,Chennai Super Kings,Kings XI Punjab,"Punjab Cricket Association Stadium, Mohali",Kings XI Punjab,field,"Asad Rauf, SL Shastri",S Badrinath,BA Bhatt,MS Dhoni,15,4,0,4,0,0,3,0,0,,,,Kings XI Punjab,PC Valthaty,0,Wickets
9,2011-04-13,male,T20,"Kings XI Punjab, Chennai Super Kings",Kings XI Punjab,Chennai Super Kings,Chennai Super Kings,Kings XI Punjab,"Punjab Cricket Association Stadium, Mohali",Kings XI Punjab,field,"Asad Rauf, SL Shastri",S Badrinath,BA Bhatt,MS Dhoni,15,2,0,2,0,0,4,0,0,,,,Kings XI Punjab,PC Valthaty,0,Wickets
9,2011-04-13,male,T20,"Kings XI Punjab, Chennai Super Kings",Kings XI Punjab,Chennai Super Kings,Chennai Super Kings,Kings XI Punjab,"Punjab Cricket Association Stadium, Mohali",Kings XI Punjab,field,"Asad Rauf, SL Shastri",S Badrinath,BA Bhatt,MS Dhoni,15,4,0,4,0,0,5,0,0,,,,Kings XI Punjab,PC Valthaty,0,Wickets
9,2011-04-13,male,T20,"Kings XI Punjab, Chennai Super Kings",Kings XI Punjab,Chennai Super Kings,Chennai Super Kings,Kings XI Punjab,"Punjab Cricket Association Stadium, Mohali",Kings XI Punjab,field,"Asad Rauf, SL Shastri",S Badrinath,BA Bhatt,MS Dhoni,15,2,0,2,0,0,6,0,0,,,,Kings XI Punjab,PC Valthaty,0,Wickets
9,2011-04-13,male,T20,"Kings XI Punjab, Chennai Super Kings",Kings XI Punjab,Chennai Super Kings,Chennai Super Kings,Kings XI Punjab,"Punjab Cricket Association Stadium, Mohali",Kings XI Punjab,field,"Asad Rauf, SL Shastri",MS Dhoni,R McLaren,S Badrinath,16,4,0,4,0,0,1,0,0,,,,Kings XI Punjab,PC Valthaty,0,Wickets
9,2011-04-13,male,T20,"Kings XI Punjab, Chennai Super Kings",Kings XI Punjab,Chennai Super Kings,Chennai Super Kings,Kings XI Punjab,"Punjab Cricket Association Stadium, Mohali",Kings XI Punjab,field,"Asad Rauf, SL Shastri",MS Dhoni,R McLaren,S Badrinath,16,1,0,1,0,0,2,0,0,,,,Kings XI Punjab,PC Valthaty,0,Wickets
9,2011-04-13,male,T20,"Kings XI Punjab, Chennai Super Kings",Kings XI Punjab,Chennai Super Kings,Chennai Super Kings,Kings XI Punjab,"Punjab Cricket Association Stadium, Mohali",Kings XI Punjab,field,"Asad Rauf, SL Shastri",S Badrinath,R McLaren,MS Dhoni,16,1,0,1,0,0,3,0,0,,,,Kings XI Punjab,PC Valthaty,0,Wickets
9,2011-04-13,male,T20,"Kings XI Punjab, Chennai Super Kings",Kings XI Punjab,Chennai Super Kings,Chennai Super Kings,Kings XI Punjab,"Punjab Cricket Association Stadium, Mohali",Kings XI Punjab,field,"Asad Rauf, SL Shastri",MS Dhoni,R McLaren,S Badrinath,16,1,0,1,0,0,4,0,0,,,,Kings XI Punjab,PC Valthaty,0,Wickets
9,2011-04-13,male,T20,"Kings XI Punjab, Chennai Super Kings",Kings XI Punjab,Chennai Super Kings,Chennai Super Kings,Kings XI Punjab,"Punjab Cricket Association Stadium, Mohali",Kings XI Punjab,field,"Asad Rauf, SL Shastri",S Badrinath,R McLaren,MS Dhoni,16,1,0,1,0,0,5,0,0,,,,Kings XI Punjab,PC Valthaty,0,Wickets
9,2011-04-13,male,T20,"Kings XI Punjab, Chennai Super Kings",Kings XI Punjab,Chennai Super Kings,Chennai Super Kings,Kings XI Punjab,"Punjab Cricket Association Stadium, Mohali",Kings XI Punjab,field,"Asad Rauf, SL Shastri",MS Dhoni,R McLaren,S Badrinath,16,1,0,1,0,0,6,0,0,,,,Kings XI Punjab,PC Valthaty,0,Wickets
9,2011-04-13,male,T20,"Kings XI Punjab, Chennai Super Kings",Kings XI Punjab,Chennai Super Kings,Chennai Super Kings,Kings XI Punjab,"Punjab Cricket Association Stadium, Mohali",Kings XI Punjab,field,"Asad Rauf, SL Shastri",MS Dhoni,P Kumar,S Badrinath,17,4,0,4,0,0,1,0,0,,,,Kings XI Punjab,PC Valthaty,0,Wickets
9,2011-04-13,male,T20,"Kings XI Punjab, Chennai Super Kings",Kings XI Punjab,Chennai Super Kings,Chennai Super Kings,Kings XI Punjab,"Punjab Cricket Association Stadium, Mohali",Kings XI Punjab,field,"Asad Rauf, SL Shastri",MS Dhoni,P Kumar,S Badrinath,17,6,0,6,0,0,2,0,0,,,,Kings XI Punjab,PC Valthaty,0,Wickets
9,2011-04-13,male,T20,"Kings XI Punjab, Chennai Super Kings",Kings XI Punjab,Chennai Super Kings,Chennai Super Kings,Kings XI Punjab,"Punjab Cricket Association Stadium, Mohali",Kings XI Punjab,field,"Asad Rauf, SL Shastri",MS Dhoni,P Kumar,S Badrinath,17,6,0,6,0,0,3,0,0,,,,Kings XI Punjab,PC Valthaty,0,Wickets
9,2011-04-13,male,T20,"Kings XI Punjab, Chennai Super Kings",Kings XI Punjab,Chennai Super Kings,Chennai Super Kings,Kings XI Punjab,"Punjab Cricket Association Stadium, Mohali",Kings XI Punjab,field,"Asad Rauf, SL Shastri",MS Dhoni,P Kumar,S Badrinath,17,2,0,2,0,0,4,0,0,,,,Kings XI Punjab,PC Valthaty,0,Wickets
9,2011-04-13,male,T20,"Kings XI Punjab, Chennai Super Kings",Kings XI Punjab,Chennai Super Kings,Chennai Super Kings,Kings XI Punjab,"Punjab Cricket Association Stadium, Mohali",Kings XI Punjab,field,"Asad Rauf, SL Shastri",MS Dhoni,P Kumar,S Badrinath,17,0,0,0,0,0,5,0,0,,,,Kings XI Punjab,PC Valthaty,0,Wickets
9,2011-04-13,male,T20,"Kings XI Punjab, Chennai Super Kings",Kings XI Punjab,Chennai Super Kings,Chennai Super Kings,Kings XI Punjab,"Punjab Cricket Association Stadium, Mohali",Kings XI Punjab,field,"Asad Rauf, SL Shastri",MS Dhoni,P Kumar,S Badrinath,17,4,0,4,0,0,6,0,0,,,,Kings XI Punjab,PC Valthaty,0,Wickets
9,2011-04-13,male,T20,"Kings XI Punjab, Chennai Super Kings",Kings XI Punjab,Chennai Super Kings,Chennai Super Kings,Kings XI Punjab,"Punjab Cricket Association Stadium, Mohali",Kings XI Punjab,field,"Asad Rauf, SL Shastri",S Badrinath,R McLaren,MS Dhoni,18,1,0,1,0,0,1,0,0,,,,Kings XI Punjab,PC Valthaty,0,Wickets
9,2011-04-13,male,T20,"Kings XI Punjab, Chennai Super Kings",Kings XI Punjab,Chennai Super Kings,Chennai Super Kings,Kings XI Punjab,"Punjab Cricket Association Stadium, Mohali",Kings XI Punjab,field,"Asad Rauf, SL Shastri",MS Dhoni,R McLaren,S Badrinath,18,4,0,4,0,0,2,0,0,,,,Kings XI Punjab,PC Valthaty,0,Wickets
9,2011-04-13,male,T20,"Kings XI Punjab, Chennai Super Kings",Kings XI Punjab,Chennai Super Kings,Chennai Super Kings,Kings XI Punjab,"Punjab Cricket Association Stadium, Mohali",Kings XI Punjab,field,"Asad Rauf, SL Shastri",MS Dhoni,R McLaren,S Badrinath,18,1,0,1,0,0,3,0,0,,,,Kings XI Punjab,PC Valthaty,0,Wickets
9,2011-04-13,male,T20,"Kings XI Punjab, Chennai Super Kings",Kings XI Punjab,Chennai Super Kings,Chennai Super Kings,Kings XI Punjab,"Punjab Cricket Association Stadium, Mohali",Kings XI Punjab,field,"Asad Rauf, SL Shastri",S Badrinath,R McLaren,MS Dhoni,18,1,0,1,0,0,4,0,0,,,,Kings XI Punjab,PC Valthaty,0,Wickets
9,2011-04-13,male,T20,"Kings XI Punjab, Chennai Super Kings",Kings XI Punjab,Chennai Super Kings,Chennai Super Kings,Kings XI Punjab,"Punjab Cricket Association Stadium, Mohali",Kings XI Punjab,field,"Asad Rauf, SL Shastri",MS Dhoni,R McLaren,S Badrinath,18,0,0,0,0,0,5,0,0,,,,Kings XI Punjab,PC Valthaty,0,Wickets
9,2011-04-13,male,T20,"Kings XI Punjab, Chennai Super Kings",Kings XI Punjab,Chennai Super Kings,Chennai Super Kings,Kings XI Punjab,"Punjab Cricket Association Stadium, Mohali",Kings XI Punjab,field,"Asad Rauf, SL Shastri",MS Dhoni,R McLaren,S Badrinath,18,1,1,2,0,0,6,1,0,,,,Kings XI Punjab,PC Valthaty,0,Wickets
9,2011-04-13,male,T20,"Kings XI Punjab, Chennai Super Kings",Kings XI Punjab,Chennai Super Kings,Chennai Super Kings,Kings XI Punjab,"Punjab Cricket Association Stadium, Mohali",Kings XI Punjab,field,"Asad Rauf, SL Shastri",S Badrinath,R McLaren,MS Dhoni,18,1,0,1,0,0,7,0,0,,,,Kings XI Punjab,PC Valthaty,0,Wickets
9,2011-04-13,male,T20,"Kings XI Punjab, Chennai Super Kings",Kings XI Punjab,Chennai Super Kings,Chennai Super Kings,Kings XI Punjab,"Punjab Cricket Association Stadium, Mohali",Kings XI Punjab,field,"Asad Rauf, SL Shastri",S Badrinath,RJ Harris,MS Dhoni,19,1,0,1,0,0,1,0,0,,,,Kings XI Punjab,PC Valthaty,0,Wickets
9,2011-04-13,male,T20,"Kings XI Punjab, Chennai Super Kings",Kings XI Punjab,Chennai Super Kings,Chennai Super Kings,Kings XI Punjab,"Punjab Cricket Association Stadium, Mohali",Kings XI Punjab,field,"Asad Rauf, SL Shastri",MS Dhoni,RJ Harris,S Badrinath,19,1,0,1,0,0,2,0,0,,,,Kings XI Punjab,PC Valthaty,0,Wickets
9,2011-04-13,male,T20,"Kings XI Punjab, Chennai Super Kings",Kings XI Punjab,Chennai Super Kings,Chennai Super Kings,Kings XI Punjab,"Punjab Cricket Association Stadium, Mohali",Kings XI Punjab,field,"Asad Rauf, SL Shastri",S Badrinath,RJ Harris,MS Dhoni,19,1,0,1,0,0,3,0,0,,,,Kings XI Punjab,PC Valthaty,0,Wickets
9,2011-04-13,male,T20,"Kings XI Punjab, Chennai Super Kings",Kings XI Punjab,Chennai Super Kings,Chennai Super Kings,Kings XI Punjab,"Punjab Cricket Association Stadium, Mohali",Kings XI Punjab,field,"Asad Rauf, SL Shastri",MS Dhoni,RJ Harris,S Badrinath,19,2,0,2,0,0,4,0,0,,,,Kings XI Punjab,PC Valthaty,0,Wickets
9,2011-04-13,male,T20,"Kings XI Punjab, Chennai Super Kings",Kings XI Punjab,Chennai Super Kings,Chennai Super Kings,Kings XI Punjab,"Punjab Cricket Association Stadium, Mohali",Kings XI Punjab,field,"Asad Rauf, SL Shastri",MS Dhoni,RJ Harris,S Badrinath,19,2,0,2,0,0,5,0,0,,,,Kings XI Punjab,PC Valthaty,0,Wickets
9,2011-04-13,male,T20,"Kings XI Punjab, Chennai Super Kings",Kings XI Punjab,Chennai Super Kings,Chennai Super Kings,Kings XI Punjab,"Punjab Cricket Association Stadium, Mohali",Kings XI Punjab,field,"Asad Rauf, SL Shastri",MS Dhoni,RJ Harris,S Badrinath,19,0,0,0,0,0,6,0,0,MS Dhoni,bowled,,Kings XI Punjab,PC Valthaty,1,Wickets
9,2011-04-13,male,T20,"Kings XI Punjab, Chennai Super Kings",Kings XI Punjab,Chennai Super Kings,Kings XI Punjab,Chennai Super Kings,"Punjab Cricket Association Stadium, Mohali",Kings XI Punjab,field,"Asad Rauf, SL Shastri",PC Valthaty,R Ashwin,AC Gilchrist,0,0,0,0,0,0,1,0,0,,,,Kings XI Punjab,PC Valthaty,0,Wickets
9,2011-04-13,male,T20,"Kings XI Punjab, Chennai Super Kings",Kings XI Punjab,Chennai Super Kings,Kings XI Punjab,Chennai Super Kings,"Punjab Cricket Association Stadium, Mohali",Kings XI Punjab,field,"Asad Rauf, SL Shastri",PC Valthaty,R Ashwin,AC Gilchrist,0,1,0,1,0,0,2,0,0,,,,Kings XI Punjab,PC Valthaty,0,Wickets
9,2011-04-13,male,T20,"Kings XI Punjab, Chennai Super Kings",Kings XI Punjab,Chennai Super Kings,Kings XI Punjab,Chennai Super Kings,"Punjab Cricket Association Stadium, Mohali",Kings XI Punjab,field,"Asad Rauf, SL Shastri",AC Gilchrist,R Ashwin,PC Valthaty,0,0,0,0,0,0,3,0,0,,,,Kings XI Punjab,PC Valthaty,0,Wickets
9,2011-04-13,male,T20,"Kings XI Punjab, Chennai Super Kings",Kings XI Punjab,Chennai Super Kings,Kings XI Punjab,Chennai Super Kings,"Punjab Cricket Association Stadium, Mohali",Kings XI Punjab,field,"Asad Rauf, SL Shastri",AC Gilchrist,R Ashwin,PC Valthaty,0,2,0,2,0,0,4,0,0,,,,Kings XI Punjab,PC Valthaty,0,Wickets
9,2011-04-13,male,T20,"Kings XI Punjab, Chennai Super Kings",Kings XI Punjab,Chennai Super Kings,Kings XI Punjab,Chennai Super Kings,"Punjab Cricket Association Stadium, Mohali",Kings XI Punjab,field,"Asad Rauf, SL Shastri",AC Gilchrist,R Ashwin,PC Valthaty,0,1,0,1,0,0,5,0,0,,,,Kings XI Punjab,PC Valthaty,0,Wickets
9,2011-04-13,male,T20,"Kings XI Punjab, Chennai Super Kings",Kings XI Punjab,Chennai Super Kings,Kings XI Punjab,Chennai Super Kings,"Punjab Cricket Association Stadium, Mohali",Kings XI Punjab,field,"Asad Rauf, SL Shastri",PC Valthaty,R Ashwin,AC Gilchrist,0,4,0,4,0,0,6,0,0,,,,Kings XI Punjab,PC Valthaty,0,Wickets
9,2011-04-13,male,T20,"Kings XI Punjab, Chennai Super Kings",Kings XI Punjab,Chennai Super Kings,Kings XI Punjab,Chennai Super Kings,"Punjab Cricket Association Stadium, Mohali",Kings XI Punjab,field,"Asad Rauf, SL Shastri",AC Gilchrist,TG Southee,PC Valthaty,1,1,0,1,0,0,1,0,0,,,,Kings XI Punjab,PC Valthaty,0,Wickets
9,2011-04-13,male,T20,"Kings XI Punjab, Chennai Super Kings",Kings XI Punjab,Chennai Super Kings,Kings XI Punjab,Chennai Super Kings,"Punjab Cricket Association Stadium, Mohali",Kings XI Punjab,field,"Asad Rauf, SL Shastri",PC Valthaty,TG Southee,AC Gilchrist,1,0,0,0,0,0,2,0,0,,,,Kings XI Punjab,PC Valthaty,0,Wickets
9,2011-04-13,male,T20,"Kings XI Punjab, Chennai Super Kings",Kings XI Punjab,Chennai Super Kings,Kings XI Punjab,Chennai Super Kings,"Punjab Cricket Association Stadium, Mohali",Kings XI Punjab,field,"Asad Rauf, SL Shastri",PC Valthaty,TG Southee,AC Gilchrist,1,4,0,4,0,0,3,0,0,,,,Kings XI Punjab,PC Valthaty,0,Wickets
9,2011-04-13,male,T20,"Kings XI Punjab, Chennai Super Kings",Kings XI Punjab,Chennai Super Kings,Kings XI Punjab,Chennai Super Kings,"Punjab Cricket Association Stadium, Mohali",Kings XI Punjab,field,"Asad Rauf, SL Shastri",PC Valthaty,TG Southee,AC Gilchrist,1,0,0,0,0,0,4,0,0,,,,Kings XI Punjab,PC Valthaty,0,Wickets
9,2011-04-13,male,T20,"Kings XI Punjab, Chennai Super Kings",Kings XI Punjab,Chennai Super Kings,Kings XI Punjab,Chennai Super Kings,"Punjab Cricket Association Stadium, Mohali",Kings XI Punjab,field,"Asad Rauf, SL Shastri",PC Valthaty,TG Southee,AC Gilchrist,1,1,0,1,0,0,5,0,0,,,,Kings XI Punjab,PC Valthaty,0,Wickets
9,2011-04-13,male,T20,"Kings XI Punjab, Chennai Super Kings",Kings XI Punjab,Chennai Super Kings,Kings XI Punjab,Chennai Super Kings,"Punjab Cricket Association Stadium, Mohali",Kings XI Punjab,field,"Asad Rauf, SL Shastri",AC Gilchrist,TG Southee,PC Valthaty,1,1,0,1,0,0,6,0,0,,,,Kings XI Punjab,PC Valthaty,0,Wickets
9,2011-04-13,male,T20,"Kings XI Punjab, Chennai Super Kings",Kings XI Punjab,Chennai Super Kings,Kings XI Punjab,Chennai Super Kings,"Punjab Cricket Association Stadium, Mohali",Kings XI Punjab,field,"Asad Rauf, SL Shastri",AC Gilchrist,R Ashwin,PC Valthaty,2,0,0,0,0,0,1,0,0,,,,Kings XI Punjab,PC Valthaty,0,Wickets
9,2011-04-13,male,T20,"Kings XI Punjab, Chennai Super Kings",Kings XI Punjab,Chennai Super Kings,Kings XI Punjab,Chennai Super Kings,"Punjab Cricket Association Stadium, Mohali",Kings XI Punjab,field,"Asad Rauf, SL Shastri",AC Gilchrist,R Ashwin,PC Valthaty,2,1,0,1,0,0,2,0,0,,,,Kings XI Punjab,PC Valthaty,0,Wickets
9,2011-04-13,male,T20,"Kings XI Punjab, Chennai Super Kings",Kings XI Punjab,Chennai Super Kings,Kings XI Punjab,Chennai Super Kings,"Punjab Cricket Association Stadium, Mohali",Kings XI Punjab,field,"Asad Rauf, SL Shastri",PC Valthaty,R Ashwin,AC Gilchrist,2,0,1,1,0,0,3,0,1,,,,Kings XI Punjab,PC Valthaty,0,Wickets
9,2011-04-13,male,T20,"Kings XI Punjab, Chennai Super Kings",Kings XI Punjab,Chennai Super Kings,Kings XI Punjab,Chennai Super Kings,"Punjab Cricket Association Stadium, Mohali",Kings XI Punjab,field,"Asad Rauf, SL Shastri",PC Valthaty,R Ashwin,AC Gilchrist,2,2,0,2,0,0,4,0,0,,,,Kings XI Punjab,PC Valthaty,0,Wickets
9,2011-04-13,male,T20,"Kings XI Punjab, Chennai Super Kings",Kings XI Punjab,Chennai Super Kings,Kings XI Punjab,Chennai Super Kings,"Punjab Cricket Association Stadium, Mohali",Kings XI Punjab,field,"Asad Rauf, SL Shastri",PC Valthaty,R Ashwin,AC Gilchrist,2,1,0,1,0,0,5,0,0,,,,Kings XI Punjab,PC Valthaty,0,Wickets
9,2011-04-13,male,T20,"Kings XI Punjab, Chennai Super Kings",Kings XI Punjab,Chennai Super Kings,Kings XI Punjab,Chennai Super Kings,"Punjab Cricket Association Stadium, Mohali",Kings XI Punjab,field,"Asad Rauf, SL Shastri",AC Gilchrist,R Ashwin,PC Valthaty,2,1,0,1,0,0,6,0,0,,,,Kings XI Punjab,PC Valthaty,0,Wickets
9,2011-04-13,male,T20,"Kings XI Punjab, Chennai Super Kings",Kings XI Punjab,Chennai Super Kings,Kings XI Punjab,Chennai Super Kings,"Punjab Cricket Association Stadium, Mohali",Kings XI Punjab,field,"Asad Rauf, SL Shastri",PC Valthaty,R Ashwin,AC Gilchrist,2,4,0,4,0,0,7,0,0,,,,Kings XI Punjab,PC Valthaty,0,Wickets
9,2011-04-13,male,T20,"Kings XI Punjab, Chennai Super Kings",Kings XI Punjab,Chennai Super Kings,Kings XI Punjab,Chennai Super Kings,"Punjab Cricket Association Stadium, Mohali",Kings XI Punjab,field,"Asad Rauf, SL Shastri",AC Gilchrist,TG Southee,PC Valthaty,3,4,0,4,0,0,1,0,0,,,,Kings XI Punjab,PC Valthaty,0,Wickets
9,2011-04-13,male,T20,"Kings XI Punjab, Chennai Super Kings",Kings XI Punjab,Chennai Super Kings,Kings XI Punjab,Chennai Super Kings,"Punjab Cricket Association Stadium, Mohali",Kings XI Punjab,field,"Asad Rauf, SL Shastri",AC Gilchrist,TG Southee,PC Valthaty,3,1,0,1,0,0,2,0,0,,,,Kings XI Punjab,PC Valthaty,0,Wickets
9,2011-04-13,male,T20,"Kings XI Punjab, Chennai Super Kings",Kings XI Punjab,Chennai Super Kings,Kings XI Punjab,Chennai Super Kings,"Punjab Cricket Association Stadium, Mohali",Kings XI Punjab,field,"Asad Rauf, SL Shastri",PC Valthaty,TG Southee,AC Gilchrist,3,4,0,4,0,0,3,0,0,,,,Kings XI Punjab,PC Valthaty,0,Wickets
9,2011-04-13,male,T20,"Kings XI Punjab, Chennai Super Kings",Kings XI Punjab,Chennai Super Kings,Kings XI Punjab,Chennai Super Kings,"Punjab Cricket Association Stadium, Mohali",Kings XI Punjab,field,"Asad Rauf, SL Shastri",PC Valthaty,TG Southee,AC Gilchrist,3,0,0,0,0,0,4,0,0,,,,Kings XI Punjab,PC Valthaty,0,Wickets
9,2011-04-13,male,T20,"Kings XI Punjab, Chennai Super Kings",Kings XI Punjab,Chennai Super Kings,Kings XI Punjab,Chennai Super Kings,"Punjab Cricket Association Stadium, Mohali",Kings XI Punjab,field,"Asad Rauf, SL Shastri",PC Valthaty,TG Southee,AC Gilchrist,3,0,0,0,0,0,5,0,0,,,,Kings XI Punjab,PC Valthaty,0,Wickets
9,2011-04-13,male,T20,"Kings XI Punjab, Chennai Super Kings",Kings XI Punjab,Chennai Super Kings,Kings XI Punjab,Chennai Super Kings,"Punjab Cricket Association Stadium, Mohali",Kings XI Punjab,field,"Asad Rauf, SL Shastri",PC Valthaty,TG Southee,AC Gilchrist,3,4,0,4,0,0,6,0,0,,,,Kings XI Punjab,PC Valthaty,0,Wickets
9,2011-04-13,male,T20,"Kings XI Punjab, Chennai Super Kings",Kings XI Punjab,Chennai Super Kings,Kings XI Punjab,Chennai Super Kings,"Punjab Cricket Association Stadium, Mohali",Kings XI Punjab,field,"Asad Rauf, SL Shastri",AC Gilchrist,R Ashwin,PC Valthaty,4,1,0,1,0,0,1,0,0,,,,Kings XI Punjab,PC Valthaty,0,Wickets
9,2011-04-13,male,T20,"Kings XI Punjab, Chennai Super Kings",Kings XI Punjab,Chennai Super Kings,Kings XI Punjab,Chennai Super Kings,"Punjab Cricket Association Stadium, Mohali",Kings XI Punjab,field,"Asad Rauf, SL Shastri",PC Valthaty,R Ashwin,AC Gilchrist,4,4,0,4,0,0,2,0,0,,,,Kings XI Punjab,PC Valthaty,0,Wickets
9,2011-04-13,male,T20,"Kings XI Punjab, Chennai Super Kings",Kings XI Punjab,Chennai Super Kings,Kings XI Punjab,Chennai Super Kings,"Punjab Cricket Association Stadium, Mohali",Kings XI Punjab,field,"Asad Rauf, SL Shastri",PC Valthaty,R Ashwin,AC Gilchrist,4,1,0,1,0,0,3,0,0,,,,Kings XI Punjab,PC Valthaty,0,Wickets
9,2011-04-13,male,T20,"Kings XI Punjab, Chennai Super Kings",Kings XI Punjab,Chennai Super Kings,Kings XI Punjab,Chennai Super Kings,"Punjab Cricket Association Stadium, Mohali",Kings XI Punjab,field,"Asad Rauf, SL Shastri",AC Gilchrist,R Ashwin,PC Valthaty,4,4,0,4,0,0,4,0,0,,,,Kings XI Punjab,PC Valthaty,0,Wickets
9,2011-04-13,male,T20,"Kings XI Punjab, Chennai Super Kings",Kings XI Punjab,Chennai Super Kings,Kings XI Punjab,Chennai Super Kings,"Punjab Cricket Association Stadium, Mohali",Kings XI Punjab,field,"Asad Rauf, SL Shastri",AC Gilchrist,R Ashwin,PC Valthaty,4,1,0,1,0,0,5,0,0,,,,Kings XI Punjab,PC Valthaty,0,Wickets
9,2011-04-13,male,T20,"Kings XI Punjab, Chennai Super Kings",Kings XI Punjab,Chennai Super Kings,Kings XI Punjab,Chennai Super Kings,"Punjab Cricket Association Stadium, Mohali",Kings XI Punjab,field,"Asad Rauf, SL Shastri",PC Valthaty,R Ashwin,AC Gilchrist,4,0,0,0,0,0,6,0,0,,,,Kings XI Punjab,PC Valthaty,0,Wickets
9,2011-04-13,male,T20,"Kings XI Punjab, Chennai Super Kings",Kings XI Punjab,Chennai Super Kings,Kings XI Punjab,Chennai Super Kings,"Punjab Cricket Association Stadium, Mohali",Kings XI Punjab,field,"Asad Rauf, SL Shastri",AC Gilchrist,JA Morkel,PC Valthaty,5,1,0,1,0,0,1,0,0,,,,Kings XI Punjab,PC Valthaty,0,Wickets
9,2011-04-13,male,T20,"Kings XI Punjab, Chennai Super Kings",Kings XI Punjab,Chennai Super Kings,Kings XI Punjab,Chennai Super Kings,"Punjab Cricket Association Stadium, Mohali",Kings XI Punjab,field,"Asad Rauf, SL Shastri",PC Valthaty,JA Morkel,AC Gilchrist,5,6,0,6,0,0,2,0,0,,,,Kings XI Punjab,PC Valthaty,0,Wickets
9,2011-04-13,male,T20,"Kings XI Punjab, Chennai Super Kings",Kings XI Punjab,Chennai Super Kings,Kings XI Punjab,Chennai Super Kings,"Punjab Cricket Association Stadium, Mohali",Kings XI Punjab,field,"Asad Rauf, SL Shastri",PC Valthaty,JA Morkel,AC Gilchrist,5,4,0,4,0,0,3,0,0,,,,Kings XI Punjab,PC Valthaty,0,Wickets
9,2011-04-13,male,T20,"Kings XI Punjab, Chennai Super Kings",Kings XI Punjab,Chennai Super Kings,Kings XI Punjab,Chennai Super Kings,"Punjab Cricket Association Stadium, Mohali",Kings XI Punjab,field,"Asad Rauf, SL Shastri",PC Valthaty,JA Morkel,AC Gilchrist,5,1,0,1,0,0,4,0,0,,,,Kings XI Punjab,PC Valthaty,0,Wickets
9,2011-04-13,male,T20,"Kings XI Punjab, Chennai Super Kings",Kings XI Punjab,Chennai Super Kings,Kings XI Punjab,Chennai Super Kings,"Punjab Cricket Association Stadium, Mohali",Kings XI Punjab,field,"Asad Rauf, SL Shastri",AC Gilchrist,JA Morkel,PC Valthaty,5,0,0,0,0,0,5,0,0,AC Gilchrist,caught,S Randiv,Kings XI Punjab,PC Valthaty,1,Wickets
9,2011-04-13,male,T20,"Kings XI Punjab, Chennai Super Kings",Kings XI Punjab,Chennai Super Kings,Kings XI Punjab,Chennai Super Kings,"Punjab Cricket Association Stadium, Mohali",Kings XI Punjab,field,"Asad Rauf, SL Shastri",PC Valthaty,JA Morkel,SE Marsh,5,4,0,4,0,0,6,0,0,,,,Kings XI Punjab,PC Valthaty,0,Wickets
9,2011-04-13,male,T20,"Kings XI Punjab, Chennai Super Kings",Kings XI Punjab,Chennai Super Kings,Kings XI Punjab,Chennai Super Kings,"Punjab Cricket Association Stadium, Mohali",Kings XI Punjab,field,"Asad Rauf, SL Shastri",SE Marsh,S Randiv,PC Valthaty,6,1,0,1,0,0,1,0,0,,,,Kings XI Punjab,PC Valthaty,0,Wickets
9,2011-04-13,male,T20,"Kings XI Punjab, Chennai Super Kings",Kings XI Punjab,Chennai Super Kings,Kings XI Punjab,Chennai Super Kings,"Punjab Cricket Association Stadium, Mohali",Kings XI Punjab,field,"Asad Rauf, SL Shastri",PC Valthaty,S Randiv,SE Marsh,6,4,0,4,0,0,2,0,0,,,,Kings XI Punjab,PC Valthaty,0,Wickets
9,2011-04-13,male,T20,"Kings XI Punjab, Chennai Super Kings",Kings XI Punjab,Chennai Super Kings,Kings XI Punjab,Chennai Super Kings,"Punjab Cricket Association Stadium, Mohali",Kings XI Punjab,field,"Asad Rauf, SL Shastri",PC Valthaty,S Randiv,SE Marsh,6,1,0,1,0,0,3,0,0,,,,Kings XI Punjab,PC Valthaty,0,Wickets
9,2011-04-13,male,T20,"Kings XI Punjab, Chennai Super Kings",Kings XI Punjab,Chennai Super Kings,Kings XI Punjab,Chennai Super Kings,"Punjab Cricket Association Stadium, Mohali",Kings XI Punjab,field,"Asad Rauf, SL Shastri",SE Marsh,S Randiv,PC Valthaty,6,0,0,0,0,0,4,0,0,,,,Kings XI Punjab,PC Valthaty,0,Wickets
9,2011-04-13,male,T20,"Kings XI Punjab, Chennai Super Kings",Kings XI Punjab,Chennai Super Kings,Kings XI Punjab,Chennai Super Kings,"Punjab Cricket Association Stadium, Mohali",Kings XI Punjab,field,"Asad Rauf, SL Shastri",SE Marsh,S Randiv,PC Valthaty,6,0,0,0,0,0,5,0,0,,,,Kings XI Punjab,PC Valthaty,0,Wickets
9,2011-04-13,male,T20,"Kings XI Punjab, Chennai Super Kings",Kings XI Punjab,Chennai Super Kings,Kings XI Punjab,Chennai Super Kings,"Punjab Cricket Association Stadium, Mohali",Kings XI Punjab,field,"Asad Rauf, SL Shastri",SE Marsh,S Randiv,PC Valthaty,6,1,0,1,0,0,6,0,0,,,,Kings XI Punjab,PC Valthaty,0,Wickets
9,2011-04-13,male,T20,"Kings XI Punjab, Chennai Super Kings",Kings XI Punjab,Chennai Super Kings,Kings XI Punjab,Chennai Super Kings,"Punjab Cricket Association Stadium, Mohali",Kings XI Punjab,field,"Asad Rauf, SL Shastri",SE Marsh,JA Morkel,PC Valthaty,7,0,0,0,0,0,1,0,0,,,,Kings XI Punjab,PC Valthaty,0,Wickets
9,2011-04-13,male,T20,"Kings XI Punjab, Chennai Super Kings",Kings XI Punjab,Chennai Super Kings,Kings XI Punjab,Chennai Super Kings,"Punjab Cricket Association Stadium, Mohali",Kings XI Punjab,field,"Asad Rauf, SL Shastri",SE Marsh,JA Morkel,PC Valthaty,7,1,0,1,0,0,2,0,0,,,,Kings XI Punjab,PC Valthaty,0,Wickets
9,2011-04-13,male,T20,"Kings XI Punjab, Chennai Super Kings",Kings XI Punjab,Chennai Super Kings,Kings XI Punjab,Chennai Super Kings,"Punjab Cricket Association Stadium, Mohali",Kings XI Punjab,field,"Asad Rauf, SL Shastri",PC Valthaty,JA Morkel,SE Marsh,7,1,0,1,0,0,3,0,0,,,,Kings XI Punjab,PC Valthaty,0,Wickets
9,2011-04-13,male,T20,"Kings XI Punjab, Chennai Super Kings",Kings XI Punjab,Chennai Super Kings,Kings XI Punjab,Chennai Super Kings,"Punjab Cricket Association Stadium, Mohali",Kings XI Punjab,field,"Asad Rauf, SL Shastri",SE Marsh,JA Morkel,PC Valthaty,7,1,0,1,0,0,4,0,0,,,,Kings XI Punjab,PC Valthaty,0,Wickets
9,2011-04-13,male,T20,"Kings XI Punjab, Chennai Super Kings",Kings XI Punjab,Chennai Super Kings,Kings XI Punjab,Chennai Super Kings,"Punjab Cricket Association Stadium, Mohali",Kings XI Punjab,field,"Asad Rauf, SL Shastri",PC Valthaty,JA Morkel,SE Marsh,7,1,0,1,0,0,5,0,0,,,,Kings XI Punjab,PC Valthaty,0,Wickets
9,2011-04-13,male,T20,"Kings XI Punjab, Chennai Super Kings",Kings XI Punjab,Chennai Super Kings,Kings XI Punjab,Chennai Super Kings,"Punjab Cricket Association Stadium, Mohali",Kings XI Punjab,field,"Asad Rauf, SL Shastri",SE Marsh,JA Morkel,PC Valthaty,7,1,0,1,0,0,6,0,0,,,,Kings XI Punjab,PC Valthaty,0,Wickets
9,2011-04-13,male,T20,"Kings XI Punjab, Chennai Super Kings",Kings XI Punjab,Chennai Super Kings,Kings XI Punjab,Chennai Super Kings,"Punjab Cricket Association Stadium, Mohali",Kings XI Punjab,field,"Asad Rauf, SL Shastri",SE Marsh,S Randiv,PC Valthaty,8,1,0,1,0,0,1,0,0,,,,Kings XI Punjab,PC Valthaty,0,Wickets
9,2011-04-13,male,T20,"Kings XI Punjab, Chennai Super Kings",Kings XI Punjab,Chennai Super Kings,Kings XI Punjab,Chennai Super Kings,"Punjab Cricket Association Stadium, Mohali",Kings XI Punjab,field,"Asad Rauf, SL Shastri",PC Valthaty,S Randiv,SE Marsh,8,4,0,4,0,0,2,0,0,,,,Kings XI Punjab,PC Valthaty,0,Wickets
9,2011-04-13,male,T20,"Kings XI Punjab, Chennai Super Kings",Kings XI Punjab,Chennai Super Kings,Kings XI Punjab,Chennai Super Kings,"Punjab Cricket Association Stadium, Mohali",Kings XI Punjab,field,"Asad Rauf, SL Shastri",PC Valthaty,S Randiv,SE Marsh,8,0,0,0,0,0,3,0,0,,,,Kings XI Punjab,PC Valthaty,0,Wickets
9,2011-04-13,male,T20,"Kings XI Punjab, Chennai Super Kings",Kings XI Punjab,Chennai Super Kings,Kings XI Punjab,Chennai Super Kings,"Punjab Cricket Association Stadium, Mohali",Kings XI Punjab,field,"Asad Rauf, SL Shastri",PC Valthaty,S Randiv,SE Marsh,8,1,0,1,0,0,4,0,0,,,,Kings XI Punjab,PC Valthaty,0,Wickets
9,2011-04-13,male,T20,"Kings XI Punjab, Chennai Super Kings",Kings XI Punjab,Chennai Super Kings,Kings XI Punjab,Chennai Super Kings,"Punjab Cricket Association Stadium, Mohali",Kings XI Punjab,field,"Asad Rauf, SL Shastri",SE Marsh,S Randiv,PC Valthaty,8,2,0,2,0,0,5,0,0,,,,Kings XI Punjab,PC Valthaty,0,Wickets
9,2011-04-13,male,T20,"Kings XI Punjab, Chennai Super Kings",Kings XI Punjab,Chennai Super Kings,Kings XI Punjab,Chennai Super Kings,"Punjab Cricket Association Stadium, Mohali",Kings XI Punjab,field,"Asad Rauf, SL Shastri",SE Marsh,S Randiv,PC Valthaty,8,1,0,1,0,0,6,0,0,,,,Kings XI Punjab,PC Valthaty,0,Wickets
9,2011-04-13,male,T20,"Kings XI Punjab, Chennai Super Kings",Kings XI Punjab,Chennai Super Kings,Kings XI Punjab,Chennai Super Kings,"Punjab Cricket Association Stadium, Mohali",Kings XI Punjab,field,"Asad Rauf, SL Shastri",SE Marsh,SB Styris,PC Valthaty,9,1,0,1,0,0,1,0,0,,,,Kings XI Punjab,PC Valthaty,0,Wickets
9,2011-04-13,male,T20,"Kings XI Punjab, Chennai Super Kings",Kings XI Punjab,Chennai Super Kings,Kings XI Punjab,Chennai Super Kings,"Punjab Cricket Association Stadium, Mohali",Kings XI Punjab,field,"Asad Rauf, SL Shastri",PC Valthaty,SB Styris,SE Marsh,9,4,0,4,0,0,2,0,0,,,,Kings XI Punjab,PC Valthaty,0,Wickets
9,2011-04-13,male,T20,"Kings XI Punjab, Chennai Super Kings",Kings XI Punjab,Chennai Super Kings,Kings XI Punjab,Chennai Super Kings,"Punjab Cricket Association Stadium, Mohali",Kings XI Punjab,field,"Asad Rauf, SL Shastri",PC Valthaty,SB Styris,SE Marsh,9,0,0,0,0,0,3,0,0,,,,Kings XI Punjab,PC Valthaty,0,Wickets
9,2011-04-13,male,T20,"Kings XI Punjab, Chennai Super Kings",Kings XI Punjab,Chennai Super Kings,Kings XI Punjab,Chennai Super Kings,"Punjab Cricket Association Stadium, Mohali",Kings XI Punjab,field,"Asad Rauf, SL Shastri",PC Valthaty,SB Styris,SE Marsh,9,6,0,6,0,0,4,0,0,,,,Kings XI Punjab,PC Valthaty,0,Wickets
9,2011-04-13,male,T20,"Kings XI Punjab, Chennai Super Kings",Kings XI Punjab,Chennai Super Kings,Kings XI Punjab,Chennai Super Kings,"Punjab Cricket Association Stadium, Mohali",Kings XI Punjab,field,"Asad Rauf, SL Shastri",PC Valthaty,SB Styris,SE Marsh,9,1,0,1,0,0,5,0,0,,,,Kings XI Punjab,PC Valthaty,0,Wickets
9,2011-04-13,male,T20,"Kings XI Punjab, Chennai Super Kings",Kings XI Punjab,Chennai Super Kings,Kings XI Punjab,Chennai Super Kings,"Punjab Cricket Association Stadium, Mohali",Kings XI Punjab,field,"Asad Rauf, SL Shastri",SE Marsh,SB Styris,PC Valthaty,9,1,0,1,0,0,6,0,0,,,,Kings XI Punjab,PC Valthaty,0,Wickets
9,2011-04-13,male,T20,"Kings XI Punjab, Chennai Super Kings",Kings XI Punjab,Chennai Super Kings,Kings XI Punjab,Chennai Super Kings,"Punjab Cricket Association Stadium, Mohali",Kings XI Punjab,field,"Asad Rauf, SL Shastri",SE Marsh,S Randiv,PC Valthaty,10,1,0,1,0,0,1,0,0,SE Marsh,run out,"S Randiv, S Anirudha",Kings XI Punjab,PC Valthaty,1,Wickets
9,2011-04-13,male,T20,"Kings XI Punjab, Chennai Super Kings",Kings XI Punjab,Chennai Super Kings,Kings XI Punjab,Chennai Super Kings,"Punjab Cricket Association Stadium, Mohali",Kings XI Punjab,field,"Asad Rauf, SL Shastri",PC Valthaty,S Randiv,Sunny Singh,10,4,0,4,0,0,2,0,0,,,,Kings XI Punjab,PC Valthaty,0,Wickets
9,2011-04-13,male,T20,"Kings XI Punjab, Chennai Super Kings",Kings XI Punjab,Chennai Super Kings,Kings XI Punjab,Chennai Super Kings,"Punjab Cricket Association Stadium, Mohali",Kings XI Punjab,field,"Asad Rauf, SL Shastri",PC Valthaty,S Randiv,Sunny Singh,10,4,0,4,0,0,3,0,0,,,,Kings XI Punjab,PC Valthaty,0,Wickets
9,2011-04-13,male,T20,"Kings XI Punjab, Chennai Super Kings",Kings XI Punjab,Chennai Super Kings,Kings XI Punjab,Chennai Super Kings,"Punjab Cricket Association Stadium, Mohali",Kings XI Punjab,field,"Asad Rauf, SL Shastri",PC Valthaty,S Randiv,Sunny Singh,10,1,0,1,0,0,4,0,0,,,,Kings XI Punjab,PC Valthaty,0,Wickets
9,2011-04-13,male,T20,"Kings XI Punjab, Chennai Super Kings",Kings XI Punjab,Chennai Super Kings,Kings XI Punjab,Chennai Super Kings,"Punjab Cricket Association Stadium, Mohali",Kings XI Punjab,field,"Asad Rauf, SL Shastri",Sunny Singh,S Randiv,PC Valthaty,10,1,0,1,0,0,5,0,0,,,,Kings XI Punjab,PC Valthaty,0,Wickets
9,2011-04-13,male,T20,"Kings XI Punjab, Chennai Super Kings",Kings XI Punjab,Chennai Super Kings,Kings XI Punjab,Chennai Super Kings,"Punjab Cricket Association Stadium, Mohali",Kings XI Punjab,field,"Asad Rauf, SL Shastri",PC Valthaty,S Randiv,Sunny Singh,10,0,0,0,0,0,6,0,0,,,,Kings XI Punjab,PC Valthaty,0,Wickets
9,2011-04-13,male,T20,"Kings XI Punjab, Chennai Super Kings",Kings XI Punjab,Chennai Super Kings,Kings XI Punjab,Chennai Super Kings,"Punjab Cricket Association Stadium, Mohali",Kings XI Punjab,field,"Asad Rauf, SL Shastri",Sunny Singh,SB Jakati,PC Valthaty,11,1,0,1,0,0,1,0,0,,,,Kings XI Punjab,PC Valthaty,0,Wickets
9,2011-04-13,male,T20,"Kings XI Punjab, Chennai Super Kings",Kings XI Punjab,Chennai Super Kings,Kings XI Punjab,Chennai Super Kings,"Punjab Cricket Association Stadium, Mohali",Kings XI Punjab,field,"Asad Rauf, SL Shastri",PC Valthaty,SB Jakati,Sunny Singh,11,1,0,1,0,0,2,0,0,,,,Kings XI Punjab,PC Valthaty,0,Wickets
9,2011-04-13,male,T20,"Kings XI Punjab, Chennai Super Kings",Kings XI Punjab,Chennai Super Kings,Kings XI Punjab,Chennai Super Kings,"Punjab Cricket Association Stadium, Mohali",Kings XI Punjab,field,"Asad Rauf, SL Shastri",Sunny Singh,SB Jakati,PC Valthaty,11,1,0,1,0,0,3,0,0,,,,Kings XI Punjab,PC Valthaty,0,Wickets
9,2011-04-13,male,T20,"Kings XI Punjab, Chennai Super Kings",Kings XI Punjab,Chennai Super Kings,Kings XI Punjab,Chennai Super Kings,"Punjab Cricket Association Stadium, Mohali",Kings XI Punjab,field,"Asad Rauf, SL Shastri",PC Valthaty,SB Jakati,Sunny Singh,11,1,0,1,0,0,4,0,0,,,,Kings XI Punjab,PC Valthaty,0,Wickets
9,2011-04-13,male,T20,"Kings XI Punjab, Chennai Super Kings",Kings XI Punjab,Chennai Super Kings,Kings XI Punjab,Chennai Super Kings,"Punjab Cricket Association Stadium, Mohali",Kings XI Punjab,field,"Asad Rauf, SL Shastri",Sunny Singh,SB Jakati,PC Valthaty,11,4,0,4,0,0,5,0,0,,,,Kings XI Punjab,PC Valthaty,0,Wickets
9,2011-04-13,male,T20,"Kings XI Punjab, Chennai Super Kings",Kings XI Punjab,Chennai Super Kings,Kings XI Punjab,Chennai Super Kings,"Punjab Cricket Association Stadium, Mohali",Kings XI Punjab,field,"Asad Rauf, SL Shastri",Sunny Singh,SB Jakati,PC Valthaty,11,1,0,1,0,0,6,0,0,,,,Kings XI Punjab,PC Valthaty,0,Wickets
9,2011-04-13,male,T20,"Kings XI Punjab, Chennai Super Kings",Kings XI Punjab,Chennai Super Kings,Kings XI Punjab,Chennai Super Kings,"Punjab Cricket Association Stadium, Mohali",Kings XI Punjab,field,"Asad Rauf, SL Shastri",Sunny Singh,SK Raina,PC Valthaty,12,1,0,1,0,0,1,0,0,,,,Kings XI Punjab,PC Valthaty,0,Wickets
9,2011-04-13,male,T20,"Kings XI Punjab, Chennai Super Kings",Kings XI Punjab,Chennai Super Kings,Kings XI Punjab,Chennai Super Kings,"Punjab Cricket Association Stadium, Mohali",Kings XI Punjab,field,"Asad Rauf, SL Shastri",PC Valthaty,SK Raina,Sunny Singh,12,0,0,0,0,0,2,0,0,,,,Kings XI Punjab,PC Valthaty,0,Wickets
9,2011-04-13,male,T20,"Kings XI Punjab, Chennai Super Kings",Kings XI Punjab,Chennai Super Kings,Kings XI Punjab,Chennai Super Kings,"Punjab Cricket Association Stadium, Mohali",Kings XI Punjab,field,"Asad Rauf, SL Shastri",PC Valthaty,SK Raina,Sunny Singh,12,1,0,1,0,0,3,0,0,,,,Kings XI Punjab,PC Valthaty,0,Wickets
9,2011-04-13,male,T20,"Kings XI Punjab, Chennai Super Kings",Kings XI Punjab,Chennai Super Kings,Kings XI Punjab,Chennai Super Kings,"Punjab Cricket Association Stadium, Mohali",Kings XI Punjab,field,"Asad Rauf, SL Shastri",Sunny Singh,SK Raina,PC Valthaty,12,6,0,6,0,0,4,0,0,,,,Kings XI Punjab,PC Valthaty,0,Wickets
9,2011-04-13,male,T20,"Kings XI Punjab, Chennai Super Kings",Kings XI Punjab,Chennai Super Kings,Kings XI Punjab,Chennai Super Kings,"Punjab Cricket Association Stadium, Mohali",Kings XI Punjab,field,"Asad Rauf, SL Shastri",Sunny Singh,SK Raina,PC Valthaty,12,4,0,4,0,0,5,0,0,,,,Kings XI Punjab,PC Valthaty,0,Wickets
9,2011-04-13,male,T20,"Kings XI Punjab, Chennai Super Kings",Kings XI Punjab,Chennai Super Kings,Kings XI Punjab,Chennai Super Kings,"Punjab Cricket Association Stadium, Mohali",Kings XI Punjab,field,"Asad Rauf, SL Shastri",Sunny Singh,SK Raina,PC Valthaty,12,0,0,0,0,0,6,0,0,,,,Kings XI Punjab,PC Valthaty,0,Wickets
9,2011-04-13,male,T20,"Kings XI Punjab, Chennai Super Kings",Kings XI Punjab,Chennai Super Kings,Kings XI Punjab,Chennai Super Kings,"Punjab Cricket Association Stadium, Mohali",Kings XI Punjab,field,"Asad Rauf, SL Shastri",PC Valthaty,S Randiv,Sunny Singh,13,1,0,1,0,0,1,0,0,,,,Kings XI Punjab,PC Valthaty,0,Wickets
9,2011-04-13,male,T20,"Kings XI Punjab, Chennai Super Kings",Kings XI Punjab,Chennai Super Kings,Kings XI Punjab,Chennai Super Kings,"Punjab Cricket Association Stadium, Mohali",Kings XI Punjab,field,"Asad Rauf, SL Shastri",Sunny Singh,S Randiv,PC Valthaty,13,1,0,1,0,0,2,0,0,,,,Kings XI Punjab,PC Valthaty,0,Wickets
9,2011-04-13,male,T20,"Kings XI Punjab, Chennai Super Kings",Kings XI Punjab,Chennai Super Kings,Kings XI Punjab,Chennai Super Kings,"Punjab Cricket Association Stadium, Mohali",Kings XI Punjab,field,"Asad Rauf, SL Shastri",PC Valthaty,S Randiv,Sunny Singh,13,0,0,0,0,0,3,0,0,,,,Kings XI Punjab,PC Valthaty,0,Wickets
9,2011-04-13,male,T20,"Kings XI Punjab, Chennai Super Kings",Kings XI Punjab,Chennai Super Kings,Kings XI Punjab,Chennai Super Kings,"Punjab Cricket Association Stadium, Mohali",Kings XI Punjab,field,"Asad Rauf, SL Shastri",PC Valthaty,S Randiv,Sunny Singh,13,2,0,2,0,0,4,0,0,,,,Kings XI Punjab,PC Valthaty,0,Wickets
9,2011-04-13,male,T20,"Kings XI Punjab, Chennai Super Kings",Kings XI Punjab,Chennai Super Kings,Kings XI Punjab,Chennai Super Kings,"Punjab Cricket Association Stadium, Mohali",Kings XI Punjab,field,"Asad Rauf, SL Shastri",PC Valthaty,S Randiv,Sunny Singh,13,1,0,1,0,0,5,0,0,,,,Kings XI Punjab,PC Valthaty,0,Wickets
9,2011-04-13,male,T20,"Kings XI Punjab, Chennai Super Kings",Kings XI Punjab,Chennai Super Kings,Kings XI Punjab,Chennai Super Kings,"Punjab Cricket Association Stadium, Mohali",Kings XI Punjab,field,"Asad Rauf, SL Shastri",Sunny Singh,S Randiv,PC Valthaty,13,0,0,0,0,0,6,0,0,Sunny Singh,caught,SB Jakati,Kings XI Punjab,PC Valthaty,1,Wickets
9,2011-04-13,male,T20,"Kings XI Punjab, Chennai Super Kings",Kings XI Punjab,Chennai Super Kings,Kings XI Punjab,Chennai Super Kings,"Punjab Cricket Association Stadium, Mohali",Kings XI Punjab,field,"Asad Rauf, SL Shastri",AM Nayar,TG Southee,PC Valthaty,14,0,0,0,0,0,1,0,0,AM Nayar,lbw,,Kings XI Punjab,PC Valthaty,1,Wickets
9,2011-04-13,male,T20,"Kings XI Punjab, Chennai Super Kings",Kings XI Punjab,Chennai Super Kings,Kings XI Punjab,Chennai Super Kings,"Punjab Cricket Association Stadium, Mohali",Kings XI Punjab,field,"Asad Rauf, SL Shastri",KD Karthik,TG Southee,PC Valthaty,14,0,0,0,0,0,2,0,0,,,,Kings XI Punjab,PC Valthaty,0,Wickets
9,2011-04-13,male,T20,"Kings XI Punjab, Chennai Super Kings",Kings XI Punjab,Chennai Super Kings,Kings XI Punjab,Chennai Super Kings,"Punjab Cricket Association Stadium, Mohali",Kings XI Punjab,field,"Asad Rauf, SL Shastri",KD Karthik,TG Southee,PC Valthaty,14,0,0,0,0,0,3,0,0,,,,Kings XI Punjab,PC Valthaty,0,Wickets
9,2011-04-13,male,T20,"Kings XI Punjab, Chennai Super Kings",Kings XI Punjab,Chennai Super Kings,Kings XI Punjab,Chennai Super Kings,"Punjab Cricket Association Stadium, Mohali",Kings XI Punjab,field,"Asad Rauf, SL Shastri",KD Karthik,TG Southee,PC Valthaty,14,1,0,1,0,0,4,0,0,,,,Kings XI Punjab,PC Valthaty,0,Wickets
9,2011-04-13,male,T20,"Kings XI Punjab, Chennai Super Kings",Kings XI Punjab,Chennai Super Kings,Kings XI Punjab,Chennai Super Kings,"Punjab Cricket Association Stadium, Mohali",Kings XI Punjab,field,"Asad Rauf, SL Shastri",PC Valthaty,TG Southee,KD Karthik,14,0,0,0,0,0,5,0,0,,,,Kings XI Punjab,PC Valthaty,0,Wickets
9,2011-04-13,male,T20,"Kings XI Punjab, Chennai Super Kings",Kings XI Punjab,Chennai Super Kings,Kings XI Punjab,Chennai Super Kings,"Punjab Cricket Association Stadium, Mohali",Kings XI Punjab,field,"Asad Rauf, SL Shastri",PC Valthaty,TG Southee,KD Karthik,14,1,0,1,0,0,6,0,0,,,,Kings XI Punjab,PC Valthaty,0,Wickets
9,2011-04-13,male,T20,"Kings XI Punjab, Chennai Super Kings",Kings XI Punjab,Chennai Super Kings,Kings XI Punjab,Chennai Super Kings,"Punjab Cricket Association Stadium, Mohali",Kings XI Punjab,field,"Asad Rauf, SL Shastri",PC Valthaty,SB Jakati,KD Karthik,15,4,0,4,0,0,1,0,0,,,,Kings XI Punjab,PC Valthaty,0,Wickets
9,2011-04-13,male,T20,"Kings XI Punjab, Chennai Super Kings",Kings XI Punjab,Chennai Super Kings,Kings XI Punjab,Chennai Super Kings,"Punjab Cricket Association Stadium, Mohali",Kings XI Punjab,field,"Asad Rauf, SL Shastri",PC Valthaty,SB Jakati,KD Karthik,15,1,0,1,0,0,2,0,0,,,,Kings XI Punjab,PC Valthaty,0,Wickets
9,2011-04-13,male,T20,"Kings XI Punjab, Chennai Super Kings",Kings XI Punjab,Chennai Super Kings,Kings XI Punjab,Chennai Super Kings,"Punjab Cricket Association Stadium, Mohali",Kings XI Punjab,field,"Asad Rauf, SL Shastri",KD Karthik,SB Jakati,PC Valthaty,15,4,0,4,0,0,3,0,0,,,,Kings XI Punjab,PC Valthaty,0,Wickets
9,2011-04-13,male,T20,"Kings XI Punjab, Chennai Super Kings",Kings XI Punjab,Chennai Super Kings,Kings XI Punjab,Chennai Super Kings,"Punjab Cricket Association Stadium, Mohali",Kings XI Punjab,field,"Asad Rauf, SL Shastri",KD Karthik,SB Jakati,PC Valthaty,15,1,0,1,0,0,4,0,0,,,,Kings XI Punjab,PC Valthaty,0,Wickets
9,2011-04-13,male,T20,"Kings XI Punjab, Chennai Super Kings",Kings XI Punjab,Chennai Super Kings,Kings XI Punjab,Chennai Super Kings,"Punjab Cricket Association Stadium, Mohali",Kings XI Punjab,field,"Asad Rauf, SL Shastri",PC Valthaty,SB Jakati,KD Karthik,15,2,0,2,0,0,5,0,0,,,,Kings XI Punjab,PC Valthaty,0,Wickets
9,2011-04-13,male,T20,"Kings XI Punjab, Chennai Super Kings",Kings XI Punjab,Chennai Super Kings,Kings XI Punjab,Chennai Super Kings,"Punjab Cricket Association Stadium, Mohali",Kings XI Punjab,field,"Asad Rauf, SL Shastri",PC Valthaty,SB Jakati,KD Karthik,15,1,0,1,0,0,6,0,0,,,,Kings XI Punjab,PC Valthaty,0,Wickets
9,2011-04-13,male,T20,"Kings XI Punjab, Chennai Super Kings",Kings XI Punjab,Chennai Super Kings,Kings XI Punjab,Chennai Super Kings,"Punjab Cricket Association Stadium, Mohali",Kings XI Punjab,field,"Asad Rauf, SL Shastri",PC Valthaty,JA Morkel,KD Karthik,16,4,0,4,0,0,1,0,0,,,,Kings XI Punjab,PC Valthaty,0,Wickets
9,2011-04-13,male,T20,"Kings XI Punjab, Chennai Super Kings",Kings XI Punjab,Chennai Super Kings,Kings XI Punjab,Chennai Super Kings,"Punjab Cricket Association Stadium, Mohali",Kings XI Punjab,field,"Asad Rauf, SL Shastri",PC Valthaty,JA Morkel,KD Karthik,16,4,0,4,0,0,2,0,0,,,,Kings XI Punjab,PC Valthaty,0,Wickets
9,2011-04-13,male,T20,"Kings XI Punjab, Chennai Super Kings",Kings XI Punjab,Chennai Super Kings,Kings XI Punjab,Chennai Super Kings,"Punjab Cricket Association Stadium, Mohali",Kings XI Punjab,field,"Asad Rauf, SL Shastri",PC Valthaty,JA Morkel,KD Karthik,16,4,0,4,0,0,3,0,0,,,,Kings XI Punjab,PC Valthaty,0,Wickets
9,2011-04-13,male,T20,"Kings XI Punjab, Chennai Super Kings",Kings XI Punjab,Chennai Super Kings,Kings XI Punjab,Chennai Super Kings,"Punjab Cricket Association Stadium, Mohali",Kings XI Punjab,field,"Asad Rauf, SL Shastri",PC Valthaty,JA Morkel,KD Karthik,16,2,0,2,0,0,4,0,0,,,,Kings XI Punjab,PC Valthaty,0,Wickets
9,2011-04-13,male,T20,"Kings XI Punjab, Chennai Super Kings",Kings XI Punjab,Chennai Super Kings,Kings XI Punjab,Chennai Super Kings,"Punjab Cricket Association Stadium, Mohali",Kings XI Punjab,field,"Asad Rauf, SL Shastri",PC Valthaty,JA Morkel,KD Karthik,16,2,0,2,0,0,5,0,0,,,,Kings XI Punjab,PC Valthaty,0,Wickets
9,2011-04-13,male,T20,"Kings XI Punjab, Chennai Super Kings",Kings XI Punjab,Chennai Super Kings,Kings XI Punjab,Chennai Super Kings,"Punjab Cricket Association Stadium, Mohali",Kings XI Punjab,field,"Asad Rauf, SL Shastri",PC Valthaty,JA Morkel,KD Karthik,16,1,0,1,0,0,6,0,0,,,,Kings XI Punjab,PC Valthaty,0,Wickets
9,2011-04-13,male,T20,"Kings XI Punjab, Chennai Super Kings",Kings XI Punjab,Chennai Super Kings,Kings XI Punjab,Chennai Super Kings,"Punjab Cricket Association Stadium, Mohali",Kings XI Punjab,field,"Asad Rauf, SL Shastri",PC Valthaty,R Ashwin,KD Karthik,17,1,0,1,0,0,1,0,0,,,,Kings XI Punjab,PC Valthaty,0,Wickets
9,2011-04-13,male,T20,"Kings XI Punjab, Chennai Super Kings",Kings XI Punjab,Chennai Super Kings,Kings XI Punjab,Chennai Super Kings,"Punjab Cricket Association Stadium, Mohali",Kings XI Punjab,field,"Asad Rauf, SL Shastri",KD Karthik,R Ashwin,PC Valthaty,17,1,0,1,0,0,2,0,0,,,,Kings XI Punjab,PC Valthaty,0,Wickets
9,2011-04-13,male,T20,"Kings XI Punjab, Chennai Super Kings",Kings XI Punjab,Chennai Super Kings,Kings XI Punjab,Chennai Super Kings,"Punjab Cricket Association Stadium, Mohali",Kings XI Punjab,field,"Asad Rauf, SL Shastri",PC Valthaty,R Ashwin,KD Karthik,17,0,0,0,0,0,3,0,0,,,,Kings XI Punjab,PC Valthaty,0,Wickets
9,2011-04-13,male,T20,"Kings XI Punjab, Chennai Super Kings",Kings XI Punjab,Chennai Super Kings,Kings XI Punjab,Chennai Super Kings,"Punjab Cricket Association Stadium, Mohali",Kings XI Punjab,field,"Asad Rauf, SL Shastri",PC Valthaty,R Ashwin,KD Karthik,17,1,0,1,0,0,4,0,0,,,,Kings XI Punjab,PC Valthaty,0,Wickets
9,2011-04-13,male,T20,"Kings XI Punjab, Chennai Super Kings",Kings XI Punjab,Chennai Super Kings,Kings XI Punjab,Chennai Super Kings,"Punjab Cricket Association Stadium, Mohali",Kings XI Punjab,field,"Asad Rauf, SL Shastri",KD Karthik,R Ashwin,PC Valthaty,17,4,0,4,0,0,5,0,0,,,,Kings XI Punjab,PC Valthaty,0,Wickets
9,2011-04-13,male,T20,"Kings XI Punjab, Chennai Super Kings",Kings XI Punjab,Chennai Super Kings,Kings XI Punjab,Chennai Super Kings,"Punjab Cricket Association Stadium, Mohali",Kings XI Punjab,field,"Asad Rauf, SL Shastri",KD Karthik,R Ashwin,PC Valthaty,17,1,0,1,0,0,6,0,0,,,,Kings XI Punjab,PC Valthaty,0,Wickets
9,2011-04-13,male,T20,"Kings XI Punjab, Chennai Super Kings",Kings XI Punjab,Chennai Super Kings,Kings XI Punjab,Chennai Super Kings,"Punjab Cricket Association Stadium, Mohali",Kings XI Punjab,field,"Asad Rauf, SL Shastri",KD Karthik,TG Southee,PC Valthaty,18,2,0,2,0,0,1,0,0,,,,Kings XI Punjab,PC Valthaty,0,Wickets
9,2011-04-13,male,T20,"Kings XI Punjab, Chennai Super Kings",Kings XI Punjab,Chennai Super Kings,Kings XI Punjab,Chennai Super Kings,"Punjab Cricket Association Stadium, Mohali",Kings XI Punjab,field,"Asad Rauf, SL Shastri",KD Karthik,TG Southee,PC Valthaty,18,1,0,1,0,0,2,0,0,,,,Kings XI Punjab,PC Valthaty,0,Wickets
9,2011-04-13,male,T20,"Kings XI Punjab, Chennai Super Kings",Kings XI Punjab,Chennai Super Kings,Kings XI Punjab,Chennai Super Kings,"Punjab Cricket Association Stadium, Mohali",Kings XI Punjab,field,"Asad Rauf, SL Shastri",PC Valthaty,TG Southee,KD Karthik,18,4,0,4,0,0,3,0,0,,,,Kings XI Punjab,PC Valthaty,0,Wickets
9,2011-04-13,male,T20,"Kings XI Punjab, Chennai Super Kings",Kings XI Punjab,Chennai Super Kings,Kings XI Punjab,Chennai Super Kings,"Punjab Cricket Association Stadium, Mohali",Kings XI Punjab,field,"Asad Rauf, SL Shastri",PC Valthaty,TG Southee,KD Karthik,18,0,0,0,0,0,4,0,0,,,,Kings XI Punjab,PC Valthaty,0,Wickets
9,2011-04-13,male,T20,"Kings XI Punjab, Chennai Super Kings",Kings XI Punjab,Chennai Super Kings,Kings XI Punjab,Chennai Super Kings,"Punjab Cricket Association Stadium, Mohali",Kings XI Punjab,field,"Asad Rauf, SL Shastri",PC Valthaty,TG Southee,KD Karthik,18,0,0,0,0,0,5,0,0,,,,Kings XI Punjab,PC Valthaty,0,Wickets
9,2011-04-13,male,T20,"Kings XI Punjab, Chennai Super Kings",Kings XI Punjab,Chennai Super Kings,Kings XI Punjab,Chennai Super Kings,"Punjab Cricket Association Stadium, Mohali",Kings XI Punjab,field,"Asad Rauf, SL Shastri",PC Valthaty,TG Southee,KD Karthik,18,4,0,4,0,0,6,0,0,,,,Kings XI Punjab,PC Valthaty,0,Wickets
9,2011-04-13,male,T20,"Kings XI Punjab, Chennai Super Kings",Kings XI Punjab,Chennai Super Kings,Kings XI Punjab,Chennai Super Kings,"Punjab Cricket Association Stadium, Mohali",Kings XI Punjab,field,"Asad Rauf, SL Shastri",KD Karthik,SB Jakati,PC Valthaty,19,6,0,6,0,0,1,0,0,,,,Kings XI Punjab,PC Valthaty,0,Wickets
